1	150
1	238
1	288
1	308
1	806
2	214
2	264
2	300
2	632
2	785
2	992
3	49
3	93
3	121
3	195
3	251
3	795
4	609
4	663
4	680
4	804
4	859
4	921
5	15
5	57
5	62
5	136
5	157
5	632
6	53
6	241
6	377
6	430
6	470
6	873
7	64
7	309
7	320
7	425
7	803
7	928
8	150
8	238
8	276
8	288
8	308
9	34
9	46
9	168
9	840
9	953
10	263
10	426
10	473
10	554
10	561
10	926
11	17
11	312
11	396
11	417
11	456
11	774
12	18
12	451
12	742
12	743
12	836
13	288
13	311
13	398
13	433
13	550
13	564
14	243
14	381
14	444
14	595
14	741
14	881
15	5
15	57
15	71
15	136
15	157
15	957
16	123
16	147
16	216
16	256
16	390
16	608
17	4
17	11
17	312
17	396
17	417
17	811
18	12
18	173
18	451
18	618
18	742
18	743
19	78
19	259
19	574
19	664
19	745
19	814
20	48
20	55
20	468
20	522
20	870
21	303
21	474
21	807
21	835
21	864
21	966
22	112
22	213
22	380
22	434
22	751
22	980
23	35
23	190
23	260
23	423
23	545
23	972
24	239
24	467
24	469
24	626
24	785
24	984
25	9
25	94
25	98
25	113
25	581
25	588
26	30
26	254
26	592
26	620
26	797
26	949
27	44
27	105
27	141
27	173
27	516
28	58
28	275
28	337
28	747
28	758
28	895
29	153
29	163
29	215
29	596
29	902
29	967
30	26
30	592
30	620
30	872
30	914
30	941
31	13
31	63
31	87
31	91
31	491
31	606
32	202
32	289
32	687
32	698
32	768
32	991
33	68
33	100
33	558
33	608
33	878
33	932
34	9
34	46
34	61
34	168
34	732
34	840
35	23
35	190
35	423
35	545
35	972
36	104
36	222
36	225
36	613
36	879
37	66
37	180
37	652
37	726
37	908
37	995
38	65
38	350
38	376
38	520
38	648
38	974
39	3
39	125
39	161
39	477
39	643
39	953
40	26
40	30
40	49
40	797
40	800
40	914
41	81
41	146
41	260
41	274
41	442
41	972
42	76
42	199
42	411
42	539
42	773
42	965
43	101
43	160
43	339
43	517
43	657
43	873
44	96
44	105
44	170
44	303
44	516
44	824
45	188
45	517
45	657
45	737
45	831
45	873
46	9
46	34
46	61
46	77
46	168
46	840
47	68
47	186
47	405
47	616
47	816
48	20
48	55
48	468
48	522
48	870
49	3
49	93
49	121
49	137
49	195
49	251
50	78
50	216
50	307
50	327
50	920
51	395
51	419
51	771
51	781
51	944
51	988
52	266
52	357
52	749
52	765
52	915
52	948
53	6
53	241
53	377
53	430
53	470
54	238
54	482
54	600
54	602
54	640
54	999
55	20
55	132
55	468
55	522
55	692
55	870
56	106
56	408
56	415
56	542
56	721
56	722
57	5
57	15
57	136
57	157
57	553
57	957
58	27
58	28
58	278
58	337
58	747
58	857
59	114
59	427
59	578
59	774
59	782
59	786
60	283
60	301
60	612
60	615
60	754
60	917
61	9
61	34
61	46
61	168
61	840
62	177
62	532
62	579
62	720
62	939
63	31
63	36
63	87
63	162
63	253
63	606
64	7
64	523
64	688
64	700
64	834
64	892
65	350
65	376
65	648
65	662
65	673
65	974
66	37
66	180
66	652
66	662
66	726
66	995
67	20
67	194
67	302
67	347
67	399
67	908
68	33
68	100
68	878
68	932
68	992
69	75
69	185
69	452
69	547
69	548
69	559
70	107
70	219
70	291
70	438
70	871
70	891
71	19
71	574
71	654
71	814
71	822
71	962
72	169
72	339
72	388
72	511
72	622
72	833
73	138
73	187
73	235
73	268
73	458
73	834
74	373
74	475
74	569
74	572
74	808
74	942
75	69
75	185
75	194
75	452
75	547
75	548
76	42
76	272
76	276
76	290
76	479
76	976
77	82
77	284
77	359
77	498
77	761
77	990
78	50
78	307
78	327
78	561
78	569
79	364
79	510
79	674
79	794
79	795
79	969
80	133
80	175
80	206
80	257
80	314
81	41
81	146
81	274
81	442
81	886
82	329
82	359
82	455
82	498
82	705
82	990
83	111
83	131
83	372
83	421
83	600
84	98
84	392
84	543
84	581
84	637
84	690
85	540
85	555
85	730
85	759
85	844
85	978
86	47
86	166
86	208
86	546
86	586
86	750
87	31
87	63
87	162
87	400
87	491
87	606
88	210
88	305
88	385
88	559
88	711
88	888
89	120
89	306
89	519
89	733
89	815
89	971
90	7
90	64
90	688
90	700
90	803
90	892
91	168
91	294
91	463
91	784
91	858
91	905
92	252
92	553
92	565
92	568
92	836
92	852
93	3
93	49
93	121
93	162
93	195
93	251
94	25
94	349
94	392
94	588
94	637
94	690
95	207
95	647
95	731
95	886
95	958
95	996
96	159
96	534
96	593
96	630
96	830
96	832
97	389
97	402
97	666
97	670
97	776
97	855
98	84
98	113
98	392
98	637
98	728
98	947
99	332
99	358
99	439
99	441
99	503
99	923
100	33
100	68
100	558
100	878
100	932
101	45
101	104
101	124
101	160
101	188
101	279
102	443
102	529
102	563
102	927
102	937
102	943
103	140
103	621
103	651
103	659
103	716
103	903
104	36
104	185
104	225
104	613
104	787
104	879
105	27
105	44
105	141
105	170
105	298
105	516
106	56
106	360
106	370
106	542
106	721
106	993
107	196
107	291
107	431
107	449
107	707
107	786
108	10
108	263
108	426
108	554
108	633
108	746
109	240
109	432
109	544
109	827
109	862
109	947
110	293
110	319
110	331
110	472
110	638
110	951
111	83
111	131
111	191
111	372
111	421
111	600
112	22
112	245
112	270
112	521
112	701
112	980
113	84
113	94
113	428
113	588
113	596
113	728
114	59
114	86
114	427
114	476
114	639
114	782
115	535
115	614
115	683
115	744
115	818
115	819
116	132
116	445
116	489
116	585
116	668
117	204
117	562
117	725
117	837
117	840
117	945
118	167
118	172
118	401
118	577
118	583
118	877
119	41
119	102
119	371
119	875
119	893
119	927
120	89
120	306
120	483
120	777
120	815
120	971
121	3
121	49
121	93
121	195
121	450
122	316
122	450
122	597
122	611
122	764
122	931
123	16
123	216
123	388
123	390
123	608
123	865
124	43
124	160
124	188
124	279
124	657
124	831
125	161
125	326
125	430
125	477
125	643
125	929
126	91
126	294
126	463
126	762
126	778
126	905
127	354
127	484
127	552
127	723
127	911
127	963
128	142
128	220
128	551
128	753
128	802
128	880
129	369
129	448
129	684
129	709
129	772
129	934
130	74
130	373
130	475
130	572
130	808
130	942
131	83
131	111
131	372
131	421
131	457
131	600
132	116
132	193
132	445
132	489
132	585
132	668
133	80
133	175
133	206
133	257
133	314
133	359
134	149
134	200
134	413
134	678
134	691
134	959
135	419
135	771
135	781
135	875
135	944
135	988
136	5
136	15
136	57
136	123
136	157
136	957
137	1
137	336
137	416
137	420
137	868
137	989
138	187
138	235
138	268
138	458
138	471
138	655
139	328
139	534
139	540
139	630
139	649
139	677
140	103
140	176
140	394
140	422
140	576
140	659
141	27
141	44
141	105
141	170
141	516
142	128
142	174
142	220
142	470
142	524
142	767
143	181
143	248
143	304
143	607
143	896
143	940
144	176
144	376
144	648
144	662
144	974
144	979
145	283
145	589
145	612
145	754
145	805
145	917
146	41
146	81
146	260
146	274
146	344
146	442
147	203
147	286
147	346
147	581
147	833
147	981
148	228
148	318
148	342
148	417
148	571
148	824
149	134
149	570
149	691
149	752
149	760
149	959
150	1
150	8
150	66
150	238
150	288
150	308
151	21
151	303
151	605
151	710
151	864
151	966
152	138
152	234
152	235
152	268
152	423
152	501
153	163
153	215
153	435
153	492
153	685
153	967
154	249
154	485
154	502
154	714
154	850
154	910
155	125
155	184
155	513
155	643
155	866
155	953
156	86
156	166
156	208
156	391
156	586
156	847
157	5
157	15
157	57
157	136
157	492
157	957
158	325
158	362
158	500
158	537
158	541
158	912
159	96
159	164
159	328
159	593
159	649
159	677
160	45
160	101
160	124
160	279
160	517
160	657
161	39
161	155
161	184
161	326
161	560
161	953
162	31
162	63
162	87
162	491
162	606
163	29
163	79
163	435
163	685
163	967
163	982
164	139
164	159
164	328
164	586
164	677
164	918
165	82
165	284
165	298
165	498
165	705
165	860
166	86
166	156
166	546
166	586
166	604
166	750
167	118
167	141
167	172
167	644
167	876
167	975
168	34
168	46
168	57
168	61
168	83
168	840
169	72
169	388
169	511
169	520
169	573
170	27
170	44
170	105
170	141
170	496
171	336
171	453
171	543
171	868
171	899
171	989
172	167
172	253
172	401
172	583
172	724
172	877
173	16
173	18
173	451
173	742
173	743
174	128
174	142
174	712
174	753
174	802
174	880
175	133
175	206
175	314
175	424
175	575
175	712
176	65
176	144
176	261
176	454
176	648
176	979
177	62
177	532
177	579
177	720
177	939
178	97
178	666
178	670
178	755
178	790
178	855
179	67
179	302
179	368
179	469
179	950
179	956
180	37
180	66
180	330
180	652
180	869
180	995
181	248
181	573
181	699
181	845
181	940
181	957
182	230
182	300
182	353
182	488
182	513
182	884
183	244
183	273
183	681
183	770
183	780
183	897
184	39
184	155
184	326
184	560
184	866
184	929
185	69
185	75
185	452
185	547
185	548
185	577
186	47
186	405
186	616
186	634
186	816
186	975
187	73
187	138
187	235
187	267
187	501
187	656
188	101
188	279
188	299
188	517
188	831
188	873
189	183
189	273
189	681
189	780
189	898
189	907
190	23
190	35
190	135
190	423
190	545
190	972
191	122
191	322
191	450
191	611
191	778
191	828
192	232
192	247
192	252
192	528
192	556
192	566
193	24
193	130
193	475
193	495
193	572
193	808
194	179
194	302
194	347
194	669
194	950
194	956
195	3
195	49
195	93
195	121
195	251
195	995
196	40
196	197
196	291
196	582
196	707
196	891
197	70
197	196
197	219
197	431
197	707
197	891
198	610
198	682
198	791
198	854
198	900
198	977
199	42
199	276
199	290
199	411
199	539
199	965
200	134
200	282
200	404
200	413
200	570
200	691
201	89
201	519
201	733
201	815
201	968
201	989
202	289
202	525
202	687
202	729
202	783
202	991
203	147
203	286
203	346
203	833
203	981
204	393
204	696
204	725
204	760
204	837
204	945
205	329
205	352
205	538
205	748
205	849
205	863
206	80
206	133
206	175
206	257
206	314
207	95
207	400
207	460
207	587
207	731
207	996
208	86
208	156
208	166
208	546
208	604
208	847
209	140
209	422
209	621
209	651
209	659
209	903
210	88
210	654
210	711
210	888
210	955
210	997
211	110
211	331
211	406
211	638
211	734
211	951
212	198
212	633
212	791
212	807
212	900
212	977
213	380
213	434
213	446
213	521
213	701
213	980
214	2
214	264
214	300
214	405
214	571
214	992
215	126
215	153
215	596
215	902
215	904
215	982
216	16
216	123
216	256
216	390
216	608
217	228
217	242
217	571
217	603
217	839
217	843
218	88
218	128
218	210
218	305
218	888
218	955
219	107
219	197
219	291
219	449
219	707
219	871
220	72
220	128
220	524
220	712
220	753
220	880
221	158
221	325
221	362
221	480
221	541
221	912
222	36
222	104
222	340
222	613
222	879
223	52
223	266
223	496
223	694
223	702
223	765
224	180
224	255
224	338
224	735
224	773
224	792
225	36
225	104
225	182
225	222
225	879
226	344
226	526
226	564
226	713
226	869
226	1000
227	297
227	338
227	379
227	689
227	735
227	829
228	217
228	342
228	429
228	465
228	839
228	987
229	295
229	589
229	697
229	772
229	806
229	925
230	182
230	353
230	488
230	513
230	884
231	24
231	313
231	467
231	469
231	626
231	769
232	252
232	363
232	378
232	383
232	556
232	566
233	102
233	119
233	443
233	563
233	937
233	943
234	73
234	138
234	152
234	187
234	449
234	655
235	234
235	267
235	268
235	458
235	501
235	656
236	237
236	321
236	508
236	617
236	739
236	952
237	124
237	508
237	594
237	796
237	832
237	952
238	1
238	8
238	150
238	288
238	308
238	399
239	24
239	231
239	366
239	469
239	785
239	984
240	109
240	704
240	813
240	823
240	862
240	987
241	6
241	53
241	377
241	430
241	470
241	656
242	485
242	575
242	693
242	714
242	850
242	910
243	343
243	381
243	595
243	631
243	779
243	936
244	273
244	490
244	667
244	752
244	780
244	897
245	22
245	112
245	270
245	396
245	446
245	751
246	208
246	391
246	452
246	549
246	604
246	750
247	232
247	363
247	378
247	383
247	528
247	738
248	143
248	355
248	414
248	607
248	699
248	896
249	242
249	505
249	693
249	714
249	848
249	910
250	323
250	440
250	609
250	625
250	684
250	709
251	3
251	49
251	93
251	195
251	370
252	232
252	363
252	378
252	556
252	566
252	939
253	118
253	577
253	583
253	644
253	724
253	877
254	26
254	40
254	797
254	800
254	872
254	949
255	93
255	224
255	297
255	379
255	792
255	829
256	16
256	123
256	216
256	390
256	608
257	80
257	133
257	175
257	314
257	593
258	360
258	408
258	415
258	542
258	722
258	857
259	574
259	654
259	672
259	745
259	814
259	822
260	41
260	146
260	274
260	442
260	899
261	29
261	38
261	65
261	376
261	974
261	979
262	437
262	461
262	580
262	590
262	916
262	986
263	108
263	473
263	561
263	633
263	746
263	926
264	2
264	214
264	300
264	632
264	906
264	992
265	204
265	473
265	696
265	703
265	725
265	960
266	357
266	614
266	679
266	749
266	765
266	948
267	138
267	152
267	234
267	501
267	656
267	909
268	234
268	267
268	451
268	458
268	655
268	656
269	334
269	536
269	628
269	838
269	861
269	889
270	213
270	380
270	446
270	521
270	701
270	980
271	137
271	336
271	420
271	453
271	543
271	989
272	42
272	76
272	290
272	411
272	479
272	965
273	183
273	189
273	244
273	897
273	898
273	907
274	41
274	81
274	146
274	212
274	260
274	442
275	58
275	325
275	747
275	798
275	857
275	895
276	42
276	199
276	384
276	479
276	547
276	976
277	115
277	365
277	718
277	810
277	819
277	826
278	58
278	275
278	324
278	337
278	895
278	930
279	43
279	160
279	299
279	517
279	761
279	831
280	115
280	408
280	614
280	683
280	744
280	819
281	310
281	507
281	515
281	523
281	902
281	946
282	200
282	413
282	678
282	752
282	760
282	959
283	60
283	145
283	301
283	612
283	615
283	715
284	82
284	359
284	498
284	640
284	705
284	761
285	221
285	362
285	500
285	512
285	541
285	912
286	147
286	203
286	346
286	833
286	981
287	151
287	257
287	487
287	710
287	835
287	864
288	1
288	8
288	150
288	238
288	308
288	826
289	189
289	202
289	687
289	698
289	874
289	887
290	76
290	199
290	272
290	384
290	539
290	940
291	70
291	197
291	449
291	582
291	707
291	891
292	15
292	332
292	441
292	503
292	518
292	645
293	110
293	211
293	406
293	466
293	472
293	923
294	91
294	126
294	497
294	635
294	762
294	905
295	206
295	229
295	333
295	589
295	598
295	925
296	269
296	334
296	536
296	628
296	642
296	889
297	224
297	227
297	773
297	829
297	848
297	867
298	77
298	82
298	455
298	761
298	860
298	990
299	43
299	45
299	101
299	160
299	188
299	657
300	2
300	214
300	264
300	562
300	632
301	60
301	283
301	612
301	615
301	665
301	754
302	67
302	179
302	194
302	930
302	938
302	956
303	151
303	287
303	474
303	487
303	835
303	966
304	143
304	355
304	699
304	835
304	845
304	940
305	88
305	207
305	218
305	385
305	559
305	997
306	89
306	120
306	481
306	777
306	968
306	971
307	78
307	327
307	569
307	606
307	796
307	920
308	1
308	8
308	150
308	238
308	288
308	552
309	64
309	90
309	425
309	803
309	892
309	928
310	515
310	624
310	629
310	727
310	788
310	998
311	13
311	244
311	398
311	550
311	564
311	704
312	11
312	17
312	396
312	417
312	811
313	24
313	133
313	231
313	239
313	467
313	865
314	80
314	133
314	175
314	197
314	206
314	257
315	553
315	565
315	568
315	836
315	851
315	924
316	191
316	450
316	597
316	599
316	611
316	828
317	345
317	565
317	568
317	836
317	852
317	924
318	171
318	342
318	429
318	465
318	890
318	987
319	293
319	374
319	406
319	466
319	638
319	734
320	90
320	425
320	688
320	803
320	882
320	928
321	397
321	463
321	508
321	617
321	796
321	832
322	122
322	599
322	739
322	764
322	778
322	931
323	129
323	369
323	448
323	609
323	684
323	934
324	28
324	275
324	278
324	337
324	442
324	798
325	31
325	221
325	285
325	512
325	883
325	912
326	125
326	161
326	184
326	643
326	866
326	929
327	50
327	78
327	307
327	569
327	920
328	159
328	590
328	593
328	630
328	677
328	830
329	352
329	438
329	462
329	538
329	748
329	849
330	184
330	462
330	538
330	766
330	842
330	863
331	110
331	211
331	293
331	319
331	374
331	472
332	99
332	292
332	321
332	441
332	818
332	961
333	295
333	367
333	697
333	801
333	825
333	983
334	6
334	296
334	536
334	695
334	861
334	964
335	409
335	530
335	674
335	793
335	794
335	922
336	63
336	137
336	171
336	387
336	416
336	420
337	28
337	278
337	324
337	747
337	798
337	857
338	224
338	227
338	255
338	379
338	792
338	867
339	72
339	169
339	388
339	511
339	520
340	410
340	486
340	557
340	718
340	757
340	999
341	348
341	403
341	494
341	601
341	719
341	720
342	222
342	367
342	429
342	603
342	824
342	839
343	14
343	131
343	381
343	631
343	881
343	936
344	226
344	526
344	713
344	945
344	1000
345	92
345	315
345	317
345	553
345	851
345	852
346	147
346	203
346	489
346	519
346	833
346	981
347	179
347	368
347	399
347	908
347	946
347	950
348	403
348	478
348	601
348	719
348	821
348	970
349	108
349	263
349	426
349	633
349	746
349	965
350	65
350	144
350	176
350	275
350	376
350	454
351	54
351	471
351	557
351	640
351	757
351	999
352	205
352	330
352	438
352	462
352	842
352	863
353	182
353	230
353	488
353	513
353	884
353	969
354	552
354	591
354	619
354	671
354	675
354	963
355	181
355	304
355	573
355	896
355	916
355	940
356	527
356	531
356	622
356	623
356	641
356	706
357	52
357	223
357	518
357	702
357	820
357	948
358	398
358	439
358	441
358	818
358	923
358	961
359	77
359	165
359	271
359	284
359	298
359	860
360	106
360	258
360	415
360	708
360	722
360	993
361	354
361	484
361	552
361	607
361	671
361	723
362	158
362	285
362	480
362	512
362	537
362	883
363	192
363	247
363	383
363	528
363	556
363	653
364	81
364	335
364	510
364	674
364	794
364	795
365	240
365	432
365	704
365	813
365	862
365	919
366	213
366	231
366	469
366	769
366	785
366	984
367	148
367	228
367	318
367	603
367	715
367	843
368	67
368	302
368	347
368	938
368	950
368	956
369	464
369	625
369	684
369	709
369	746
369	934
370	56
370	80
370	258
370	360
370	408
370	993
371	102
371	119
371	717
371	893
371	937
371	943
372	83
372	111
372	131
372	421
372	477
372	600
373	130
373	263
373	572
373	650
373	732
373	935
374	211
374	293
374	319
374	466
374	472
374	638
375	52
375	85
375	555
375	646
375	812
375	978
376	176
376	454
376	662
376	669
376	974
376	979
377	6
377	241
377	312
377	470
377	538
377	781
378	50
378	247
378	252
378	566
378	653
378	738
379	106
379	255
379	297
379	689
379	773
379	867
380	22
380	245
380	434
380	446
380	521
380	920
381	14
381	101
381	444
381	631
381	741
381	779
382	59
382	476
382	639
382	774
382	786
382	789
383	192
383	247
383	363
383	604
383	653
383	738
384	199
384	272
384	276
384	479
384	539
384	976
385	210
385	305
385	711
385	844
385	888
385	955
386	85
386	255
386	375
386	661
386	759
386	978
387	271
387	336
387	416
387	453
387	845
387	868
388	37
388	72
388	339
388	482
388	511
388	520
389	402
389	567
389	670
389	708
389	790
389	855
390	16
390	123
390	177
390	216
390	256
390	608
391	86
391	156
391	208
391	246
391	549
391	750
392	25
392	98
392	428
392	581
392	637
392	728
393	46
393	117
393	265
393	509
393	616
393	775
394	103
394	209
394	576
394	621
394	659
394	903
395	51
395	493
395	727
395	771
395	973
395	988
396	11
396	17
396	417
396	688
396	762
396	811
397	236
397	237
397	617
397	676
397	739
397	796
398	13
398	311
398	433
398	564
398	685
398	893
399	179
399	347
399	669
399	908
399	938
399	956
400	95
400	207
400	228
400	338
400	533
400	686
401	167
401	172
401	583
401	644
401	876
401	975
402	389
402	506
402	567
402	666
402	755
402	790
403	478
403	494
403	719
403	821
403	856
403	970
404	134
404	149
404	282
404	362
404	570
404	760
405	47
405	186
405	358
405	616
405	634
405	816
406	211
406	293
406	319
406	374
406	638
406	951
407	436
407	499
407	636
407	658
407	729
407	763
408	56
408	106
408	415
408	460
408	542
408	721
409	151
409	335
409	364
409	530
409	674
409	793
410	351
410	471
410	482
410	486
410	640
410	830
411	42
411	76
411	94
411	276
411	290
411	479
412	424
412	527
412	531
412	622
412	775
412	841
413	149
413	164
413	200
413	404
413	678
413	752
414	181
414	355
414	607
414	699
414	845
414	896
415	258
415	370
415	708
415	721
415	748
415	993
416	137
416	195
416	420
416	453
416	868
416	989
417	11
417	17
417	312
417	396
417	811
417	831
418	136
418	212
418	610
418	682
418	807
418	853
419	51
419	493
419	735
419	809
419	973
419	988
420	137
420	543
420	822
420	868
420	899
420	989
421	83
421	111
421	131
421	342
421	372
421	600
422	103
422	440
422	576
422	621
422	659
422	716
423	23
423	35
423	190
423	533
423	545
423	972
424	356
424	412
424	623
424	775
424	837
424	841
425	64
425	320
425	755
425	803
425	834
425	928
426	10
426	349
426	554
426	561
426	642
426	746
427	59
427	578
427	627
427	639
427	782
427	789
428	25
428	94
428	98
428	392
428	588
428	637
429	217
429	318
429	571
429	824
429	890
429	987
430	6
430	53
430	241
430	377
430	470
431	70
431	107
431	197
431	220
431	582
431	891
432	109
432	365
432	427
432	704
432	823
432	947
433	13
433	311
433	398
433	550
433	765
434	22
434	270
434	521
434	701
434	751
434	980
435	29
435	153
435	492
435	902
435	904
435	982
436	111
436	407
436	447
436	504
436	514
436	763
437	461
437	595
437	916
437	985
437	986
437	994
438	205
438	329
438	741
438	748
438	766
438	863
439	292
439	332
439	358
439	518
439	645
439	923
440	103
440	140
440	394
440	422
440	576
440	716
441	296
441	439
441	503
441	518
441	645
441	961
442	41
442	81
442	146
442	260
442	274
442	486
443	119
443	233
443	371
443	563
443	717
443	875
444	243
444	343
444	631
444	779
444	881
444	936
445	23
445	116
445	132
445	489
445	585
445	661
446	112
446	245
446	270
446	390
446	434
446	521
447	407
447	499
447	504
447	514
447	618
447	882
448	250
448	323
448	369
448	464
448	684
448	709
449	196
449	219
449	431
449	582
449	707
449	891
450	122
450	169
450	316
450	322
450	597
450	764
451	12
451	18
451	173
451	351
451	742
451	743
452	69
452	75
452	185
452	547
452	548
452	842
453	137
453	171
453	271
453	387
453	543
453	899
454	38
454	176
454	261
454	350
454	648
454	662
455	82
455	284
455	298
455	498
455	990
455	996
456	682
456	791
456	807
456	853
456	854
456	977
457	395
457	493
457	771
457	809
457	944
457	973
458	73
458	187
458	235
458	267
458	268
458	655
459	412
459	424
459	641
459	706
459	740
459	841
460	95
460	400
460	533
460	587
460	731
460	996
461	262
461	580
461	590
461	906
461	916
461	921
462	205
462	329
462	330
462	352
462	766
462	802
463	91
463	635
463	673
463	700
463	784
463	933
464	129
464	250
464	386
464	609
464	625
464	934
465	217
465	228
465	603
465	758
465	824
465	987
466	110
466	211
466	293
466	331
466	734
466	951
467	24
467	313
467	626
467	865
467	884
467	984
468	20
468	48
468	55
468	497
468	522
468	801
469	239
469	366
469	467
469	769
469	785
469	865
470	6
470	53
470	241
470	377
470	430
470	560
471	54
471	340
471	410
471	482
471	770
471	999
472	110
472	374
472	406
472	466
472	638
472	734
473	108
473	349
473	426
473	554
473	602
473	954
474	151
474	287
474	487
474	605
474	710
474	817
475	74
475	193
475	495
475	572
475	650
475	732
476	382
476	427
476	578
476	774
476	782
476	789
477	39
477	459
477	560
477	866
477	929
477	953
478	403
478	494
478	584
478	601
478	719
478	894
479	272
479	276
479	290
479	299
479	539
479	976
480	58
480	221
480	362
480	500
480	512
480	541
481	89
481	120
481	201
481	483
481	733
481	777
482	54
482	351
482	410
482	557
482	602
482	999
483	201
483	353
483	519
483	777
483	815
483	968
484	127
484	361
484	591
484	619
484	671
484	911
485	502
485	575
485	714
485	848
485	850
485	910
486	54
486	340
486	351
486	557
486	640
486	999
487	21
487	465
487	710
487	817
487	835
487	966
488	48
488	182
488	230
488	353
488	624
488	884
489	132
489	190
489	445
489	585
489	668
489	962
490	170
490	273
490	681
490	770
490	898
490	907
491	31
491	63
491	87
491	162
491	606
492	163
492	215
492	410
492	596
492	904
492	967
493	135
493	395
493	457
493	809
493	973
493	988
494	348
494	403
494	584
494	821
494	856
494	894
495	74
495	130
495	478
495	650
495	935
495	942
496	52
496	223
496	357
496	749
496	915
496	948
497	226
497	635
497	673
497	762
497	784
497	858
498	77
498	298
498	359
498	455
498	705
498	761
499	192
499	436
499	504
499	658
499	729
499	763
500	158
500	221
500	325
500	480
500	537
500	541
501	73
501	152
501	234
501	268
501	458
501	655
502	154
502	242
502	485
502	575
502	693
502	859
503	292
503	358
503	439
503	818
503	923
503	961
504	436
504	499
504	514
504	618
504	658
504	729
505	154
505	445
505	485
505	502
505	575
505	850
506	178
506	389
506	567
506	666
506	670
506	776
507	310
507	343
507	624
507	727
507	788
507	998
508	236
508	676
508	739
508	832
508	913
508	952
509	117
509	393
509	562
509	696
509	945
509	960
510	79
510	335
510	409
510	674
510	794
510	932
511	72
511	169
511	339
511	388
511	520
512	325
512	500
512	541
512	619
512	883
512	912
513	182
513	353
513	488
513	878
513	884
514	407
514	447
514	504
514	618
514	636
514	729
515	281
515	507
515	523
515	558
515	727
515	946
516	27
516	44
516	105
516	141
516	170
517	5
517	43
517	160
517	279
517	299
517	873
518	99
518	292
518	332
518	358
518	645
518	961
519	201
519	219
519	306
519	481
519	483
519	971
520	72
520	169
520	339
520	388
520	634
521	22
521	213
521	245
521	270
521	434
521	751
522	48
522	55
522	322
522	418
522	468
522	870
523	281
523	310
523	629
523	692
523	946
523	998
524	174
524	551
524	753
524	767
524	802
524	846
525	32
525	202
525	698
525	768
525	874
525	887
526	226
526	344
526	713
526	869
526	1000
527	356
527	459
527	531
527	623
527	641
527	841
528	192
528	232
528	247
528	383
528	556
528	653
529	44
529	269
529	296
529	838
529	861
529	964
530	79
530	409
530	674
530	793
530	794
530	969
531	115
531	356
531	412
531	424
531	622
531	641
532	62
532	70
532	177
532	579
532	720
532	939
533	95
533	460
533	587
533	651
533	731
533	958
534	96
534	139
534	328
534	630
534	830
534	918
535	277
535	280
535	302
535	799
535	819
535	826
536	334
536	628
536	642
536	695
536	838
536	964
537	285
537	480
537	500
537	512
537	883
537	912
538	205
538	329
538	330
538	766
538	842
538	849
539	199
539	272
539	290
539	384
539	965
539	976
540	85
540	386
540	646
540	661
540	730
540	812
541	158
541	221
541	512
541	537
541	803
541	883
542	360
542	370
542	415
542	708
542	722
542	993
543	271
543	336
543	387
543	416
543	453
543	899
544	34
544	365
544	432
544	704
544	919
544	947
545	23
545	165
545	190
545	285
545	423
545	972
546	26
546	166
546	208
546	549
546	604
546	847
547	69
547	75
547	185
547	452
547	548
548	69
548	75
548	185
548	452
548	524
548	567
549	156
549	246
549	391
549	511
549	546
549	604
550	13
550	311
550	398
550	433
550	564
551	142
551	174
551	220
551	712
551	753
551	846
552	361
552	484
552	591
552	675
552	911
552	963
553	92
553	315
553	345
553	568
553	737
553	851
554	10
554	263
554	473
554	561
554	954
554	998
555	386
555	490
555	540
555	646
555	730
555	812
556	232
556	378
556	383
556	437
556	528
556	738
557	99
557	410
557	471
557	482
557	486
557	757
558	33
558	100
558	878
558	932
558	935
559	218
559	711
559	909
559	955
559	968
559	997
560	125
560	184
560	326
560	477
560	643
560	756
561	10
561	204
561	349
561	633
561	926
561	954
562	117
562	265
562	393
562	509
562	696
562	703
563	102
563	225
563	233
563	371
563	717
563	875
564	13
564	311
564	398
564	433
564	550
565	92
565	315
565	345
565	568
565	594
565	851
566	192
566	232
566	252
566	378
566	653
566	738
567	178
567	389
567	506
567	670
567	776
567	855
568	92
568	315
568	317
568	345
568	385
568	836
569	50
569	78
569	307
569	480
569	920
570	175
570	282
570	404
570	678
570	760
570	959
571	148
571	465
571	824
571	839
571	890
571	982
572	74
572	130
572	495
572	650
572	808
572	942
573	143
573	181
573	248
573	510
573	607
573	699
574	19
574	71
574	259
574	664
574	736
574	745
575	154
575	242
575	249
575	502
575	714
575	848
576	209
576	394
576	422
576	532
576	621
576	651
577	118
577	253
577	401
577	644
577	876
577	975
578	59
578	114
578	146
578	476
578	639
578	774
579	62
579	177
579	532
579	720
579	939
580	660
580	906
580	913
580	985
580	986
580	994
581	25
581	84
581	428
581	588
581	690
581	713
582	107
582	196
582	197
582	219
582	384
582	871
583	118
583	305
583	577
583	724
583	876
583	877
584	229
584	341
584	348
584	403
584	478
584	494
585	116
585	132
585	445
585	489
585	668
586	166
586	246
586	366
586	391
586	549
586	750
587	413
587	533
587	686
587	731
587	886
587	958
588	84
588	94
588	113
588	392
588	637
588	690
589	333
589	598
589	697
589	801
589	806
589	925
590	437
590	660
590	906
590	913
590	985
590	986
591	552
591	675
591	695
591	723
591	911
591	963
592	30
592	40
592	368
592	872
592	914
592	941
593	159
593	164
593	328
593	630
593	677
593	830
594	236
594	237
594	397
594	617
594	676
594	952
595	381
595	444
595	741
595	756
595	779
595	936
596	153
596	215
596	435
596	535
596	685
596	982
597	122
597	316
597	599
597	611
597	778
597	931
598	229
598	295
598	333
598	801
598	806
598	825
599	316
599	322
599	522
599	778
599	828
599	931
600	17
600	111
600	131
600	372
600	421
600	687
601	341
601	348
601	478
601	494
601	584
601	856
602	76
602	340
602	471
602	486
602	557
602	703
603	217
603	318
603	367
603	429
603	843
603	987
604	156
604	208
604	246
604	546
604	549
604	847
605	134
605	303
605	474
605	710
605	817
605	966
606	31
606	63
606	87
606	162
606	491
606	922
607	143
607	248
607	304
607	414
607	495
607	573
608	16
608	123
608	256
608	274
608	390
608	550
609	129
609	250
609	323
609	448
609	464
609	772
610	198
610	418
610	456
610	682
610	853
610	900
611	122
611	322
611	450
611	599
611	764
611	931
612	60
612	301
612	537
612	665
612	715
612	901
613	104
613	222
613	225
613	864
613	879
614	115
614	280
614	327
614	535
614	683
614	718
615	283
615	665
615	754
615	768
615	805
615	917
616	47
616	186
616	405
616	634
616	745
616	816
617	236
617	237
617	321
617	397
617	739
617	796
618	407
618	447
618	499
618	636
618	882
618	960
619	127
619	484
619	591
619	675
619	723
619	994
620	40
620	254
620	872
620	914
620	941
620	949
621	103
621	209
621	394
621	440
621	894
621	903
622	267
622	412
622	527
622	641
622	706
622	775
623	412
623	459
623	527
623	531
623	622
623	706
624	281
624	310
624	515
624	629
624	692
624	788
625	129
625	250
625	323
625	448
625	621
625	772
626	231
626	366
626	467
626	785
626	865
626	984
627	59
627	114
627	249
627	382
627	639
627	786
628	269
628	296
628	642
628	695
628	889
628	978
629	161
629	507
629	515
629	692
629	733
629	998
630	96
630	121
630	164
630	534
630	649
630	918
631	243
631	595
631	741
631	756
631	779
631	881
632	2
632	214
632	264
632	914
632	992
633	10
633	349
633	375
633	561
633	926
633	954
634	186
634	314
634	405
634	616
634	816
635	91
635	497
635	673
635	762
635	784
635	933
636	407
636	504
636	514
636	658
636	729
636	763
637	25
637	84
637	113
637	428
637	588
637	728
638	211
638	331
638	374
638	472
638	949
638	951
639	59
639	382
639	427
639	627
639	782
639	786
640	54
640	340
640	351
640	377
640	602
640	757
641	459
641	527
641	531
641	706
641	775
641	841
642	296
642	529
642	664
642	861
642	889
642	964
643	155
643	161
643	184
643	326
643	464
643	866
644	172
644	401
644	583
644	690
644	877
644	975
645	99
645	332
645	439
645	441
645	518
645	818
646	85
646	287
646	375
646	540
646	661
646	978
647	95
647	400
647	460
647	587
647	686
647	901
648	38
648	65
648	144
648	155
648	261
648	454
649	96
649	139
649	328
649	593
649	830
649	918
650	74
650	193
650	495
650	732
650	808
650	981
651	140
651	394
651	422
651	440
651	659
651	716
652	37
652	66
652	180
652	726
652	995
653	7
653	192
653	252
653	363
653	378
653	556
654	259
654	672
654	736
654	745
654	814
654	896
655	73
655	152
655	234
655	267
655	458
655	656
656	73
656	138
656	152
656	187
656	235
656	501
657	43
657	45
657	124
657	188
657	517
657	873
658	407
658	447
658	514
658	636
658	734
658	882
659	209
659	394
659	440
659	651
659	716
659	903
660	262
660	437
660	580
660	985
660	986
660	994
661	85
661	386
661	628
661	646
661	787
661	812
662	38
662	144
662	376
662	454
662	648
662	979
663	4
663	152
663	804
663	859
663	921
664	71
664	259
664	574
664	672
664	822
664	962
665	60
665	145
665	301
665	715
665	805
665	917
666	178
666	402
666	506
666	670
666	755
666	964
667	183
667	189
667	273
667	490
667	898
667	907
668	116
668	132
668	218
668	445
668	489
669	214
669	302
669	368
669	399
669	908
669	956
670	97
670	402
670	755
670	776
670	790
670	855
671	127
671	354
671	619
671	675
671	723
671	959
672	71
672	574
672	647
672	664
672	736
672	962
673	294
673	463
673	497
673	858
673	905
673	933
674	335
674	364
674	431
674	530
674	793
674	795
675	354
675	361
675	484
675	592
675	671
675	963
676	236
676	237
676	508
676	594
676	832
676	952
677	139
677	534
677	593
677	630
677	649
677	751
678	149
678	282
678	404
678	413
678	691
678	959
679	8
679	266
679	496
679	694
679	749
679	948
680	4
680	804
680	810
680	859
680	921
681	183
681	189
681	244
681	667
681	780
681	897
682	418
682	456
682	610
682	791
682	807
682	853
683	277
683	280
683	614
683	718
683	799
683	826
684	129
684	369
684	464
684	709
684	772
684	934
685	29
685	163
685	435
685	492
685	870
685	904
686	207
686	400
686	533
686	647
686	886
686	958
687	32
687	289
687	525
687	783
687	874
687	885
688	7
688	284
688	320
688	700
688	834
688	892
689	227
689	297
689	338
689	735
689	792
689	829
690	25
690	98
690	113
690	392
690	581
690	728
691	134
691	311
691	404
691	413
691	570
691	752
692	2
692	281
692	525
692	624
692	629
692	727
693	249
693	308
693	505
693	575
693	848
693	910
694	223
694	496
694	702
694	749
694	820
694	915
695	334
695	536
695	628
695	680
695	838
695	861
696	117
696	265
696	393
696	509
696	945
696	960
697	333
697	740
697	801
697	806
697	825
697	983
698	32
698	475
698	768
698	874
698	885
698	887
699	248
699	304
699	355
699	414
699	548
699	573
700	7
700	64
700	309
700	425
700	799
700	834
701	22
701	213
701	245
701	434
701	751
701	980
702	266
702	357
702	645
702	679
702	694
702	820
703	117
703	265
703	562
703	725
703	945
703	960
704	240
704	544
704	813
704	823
704	827
704	947
705	165
705	298
705	359
705	455
705	761
705	860
706	356
706	424
706	459
706	527
706	623
706	775
707	107
707	196
707	219
707	291
707	582
707	871
708	258
708	360
708	370
708	408
708	721
708	993
709	250
709	323
709	369
709	448
709	625
709	684
710	105
710	474
710	487
710	605
710	835
710	864
711	88
711	112
711	844
711	909
711	955
711	997
712	142
712	524
712	534
712	551
712	767
712	846
713	75
713	150
713	226
713	428
713	668
713	869
714	154
714	242
714	249
714	505
714	693
714	742
715	144
715	145
715	301
715	612
715	665
715	901
716	103
716	209
716	422
716	528
716	651
716	903
717	69
717	443
717	563
717	875
717	927
717	943
718	614
718	683
718	744
718	799
718	810
718	826
719	67
719	341
719	348
719	601
719	894
719	970
720	309
720	455
720	532
720	579
720	743
720	939
721	56
721	106
721	258
721	542
721	708
721	722
722	56
722	106
722	258
722	370
722	721
722	763
723	354
723	361
723	591
723	619
723	671
723	911
724	118
724	253
724	401
724	577
724	583
724	975
725	204
725	509
725	562
725	703
725	837
725	960
726	37
726	66
726	180
726	187
726	995
727	310
727	507
727	523
727	692
727	788
727	946
728	94
728	98
728	113
728	428
728	581
728	690
729	436
729	499
729	514
729	658
729	763
729	882
730	540
730	554
730	555
730	661
730	759
730	787
731	400
731	533
731	647
731	696
731	886
731	958
732	130
732	193
732	373
732	808
732	935
732	942
733	120
733	306
733	481
733	815
733	888
733	971
734	110
734	319
734	331
734	406
734	466
734	951
735	224
735	297
735	379
735	689
735	773
735	867
736	19
736	259
736	509
736	654
736	672
736	745
737	92
737	317
737	345
737	565
737	852
737	924
738	247
738	363
738	383
738	528
738	566
738	653
739	118
739	321
739	397
739	617
739	676
739	952
740	229
740	295
740	801
740	825
740	925
740	983
741	14
741	343
741	444
741	756
741	779
741	881
742	12
742	18
742	55
742	173
742	451
742	743
743	12
743	18
743	173
743	451
743	742
743	847
744	280
744	491
744	718
744	799
744	819
744	826
745	19
745	259
745	664
745	822
745	926
745	962
746	108
746	263
746	349
746	426
746	554
746	566
747	28
747	200
747	275
747	324
747	758
747	930
748	53
748	205
748	352
748	462
748	842
748	863
749	223
749	371
749	496
749	694
749	765
749	948
750	166
750	246
750	549
750	586
750	615
750	847
751	112
751	245
751	380
751	446
751	536
751	701
752	149
752	200
752	230
752	282
752	570
752	678
753	128
753	174
753	220
753	357
753	712
753	880
754	283
754	545
754	665
754	805
754	901
754	917
755	97
755	178
755	402
755	506
755	776
755	790
756	14
756	304
756	381
756	595
756	631
756	936
757	340
757	410
757	471
757	557
757	602
757	640
758	28
758	58
758	278
758	798
758	850
758	895
759	85
759	375
759	555
759	787
759	812
759	890
760	149
760	200
760	570
760	691
760	752
760	854
761	165
761	284
761	705
761	860
761	871
761	990
762	126
762	294
762	436
762	635
762	858
762	905
763	436
763	447
763	504
763	618
763	882
763	1000
764	102
764	191
764	316
764	322
764	611
764	828
765	266
765	613
765	679
765	694
765	702
765	915
766	329
766	438
766	488
766	538
766	842
766	849
767	142
767	174
767	524
767	551
767	846
767	880
768	289
768	687
768	698
768	783
768	885
768	991
769	231
769	239
769	281
769	366
769	469
769	865
770	183
770	490
770	667
770	897
770	907
770	934
771	135
771	419
771	457
771	493
771	809
771	973
772	227
772	250
772	609
772	625
772	709
772	879
773	227
773	255
773	338
773	526
773	667
773	867
774	114
774	382
774	476
774	578
774	627
774	789
775	356
775	412
775	459
775	623
775	641
775	841
776	97
776	178
776	389
776	506
776	567
776	666
777	120
777	201
777	481
777	483
777	733
777	968
778	191
778	316
778	597
778	599
778	611
778	828
779	14
779	243
779	343
779	381
779	631
779	756
780	11
780	273
780	490
780	770
780	898
780	907
781	51
781	135
781	457
781	493
781	809
781	944
782	114
782	382
782	476
782	515
782	578
782	627
783	32
783	768
783	874
783	885
783	887
783	991
784	61
784	126
784	497
784	858
784	905
784	933
785	313
785	366
785	467
785	626
785	660
785	984
786	382
786	578
786	627
786	774
786	789
786	820
787	375
787	386
787	555
787	661
787	730
787	759
788	310
788	507
788	624
788	725
788	946
788	998
789	114
789	427
789	476
789	639
789	782
789	786
790	389
790	567
790	666
790	776
790	804
790	855
791	198
791	212
791	418
791	807
791	854
791	974
792	224
792	338
792	379
792	689
792	773
792	829
793	335
793	364
793	409
793	510
793	530
793	922
794	79
794	409
794	649
794	795
794	922
794	969
795	79
795	364
795	530
795	793
795	922
795	969
796	321
796	397
796	508
796	594
796	832
796	933
797	26
797	40
797	254
797	620
797	800
797	914
798	157
798	278
798	324
798	348
798	747
798	930
799	115
799	277
799	535
799	744
799	810
799	819
800	30
800	254
800	591
800	592
800	620
800	797
801	333
801	589
801	697
801	740
801	825
801	925
802	454
802	524
802	551
802	712
802	846
802	880
803	309
803	320
803	425
803	688
803	700
803	892
804	4
804	380
804	663
804	680
804	859
804	921
805	60
805	283
805	615
805	715
805	767
805	901
806	241
806	589
806	598
806	697
806	925
806	983
807	212
807	456
807	791
807	853
807	854
807	977
808	193
808	373
808	475
808	732
808	935
808	942
809	51
809	419
809	781
809	829
809	944
809	973
810	203
810	277
810	280
810	646
810	683
810	744
811	11
811	17
811	312
811	396
811	417
812	375
812	646
812	730
812	759
812	787
812	978
813	109
813	544
813	823
813	827
813	919
813	947
814	19
814	574
814	663
814	736
814	822
814	962
815	306
815	483
815	519
815	733
815	777
815	971
816	47
816	186
816	269
816	405
816	616
816	634
817	21
817	151
817	287
817	605
817	864
817	966
818	292
818	441
818	503
818	645
818	923
818	961
819	280
819	535
819	614
819	749
819	799
819	810
820	52
820	266
820	337
820	357
820	679
820	915
821	129
821	341
821	584
821	719
821	856
821	970
822	19
822	71
822	579
822	654
822	672
822	814
823	109
823	240
823	365
823	813
823	827
823	862
824	217
824	367
824	429
824	571
824	603
824	843
825	229
825	295
825	379
825	598
825	740
825	983
826	115
826	277
826	535
826	718
826	744
826	810
827	240
827	432
827	544
827	704
827	862
827	919
828	191
828	450
828	597
828	599
828	764
828	931
829	224
829	360
829	689
829	735
829	792
829	867
830	139
830	159
830	164
830	534
830	649
830	918
831	43
831	45
831	124
831	279
831	299
831	657
832	236
832	508
832	594
832	617
832	676
832	796
833	147
833	203
833	286
833	346
833	397
833	728
834	87
834	90
834	309
834	320
834	688
834	892
835	21
835	287
835	303
835	487
835	605
835	710
836	315
836	553
836	565
836	737
836	852
836	924
837	251
837	393
837	509
837	562
837	703
837	736
838	269
838	334
838	529
838	627
838	695
838	964
839	119
839	148
839	318
839	465
839	603
839	890
840	9
840	34
840	46
840	61
840	148
840	168
841	356
841	424
841	531
841	622
841	623
841	706
842	205
842	330
842	438
842	462
842	501
842	863
843	342
843	346
843	367
843	429
843	839
843	890
844	88
844	210
844	385
844	711
844	909
844	997
845	143
845	181
845	248
845	414
845	607
845	699
846	142
846	174
846	551
846	753
846	767
846	802
847	86
847	156
847	246
847	391
847	586
847	750
848	154
848	249
848	502
848	505
848	850
848	910
849	352
849	438
849	462
849	748
849	766
849	928
850	154
850	485
850	505
850	693
850	714
850	848
851	92
851	140
851	568
851	737
851	816
851	924
852	315
852	317
852	345
852	737
852	836
852	924
853	198
853	318
853	456
853	610
853	900
853	977
854	198
854	212
854	418
854	682
854	791
854	977
855	97
855	178
855	402
855	506
855	755
855	790
856	341
856	433
856	494
856	821
856	894
856	970
857	58
857	747
857	758
857	798
857	895
857	930
858	297
858	463
858	635
858	673
858	784
858	933
859	4
859	663
859	680
859	804
859	921
860	77
860	82
860	165
860	186
860	455
860	990
861	286
861	296
861	529
861	642
861	695
861	838
862	109
862	240
862	365
862	432
862	813
862	827
863	330
863	352
863	538
863	748
863	766
863	849
864	21
864	287
864	303
864	474
864	487
864	817
865	24
865	239
865	313
865	626
865	757
865	769
866	39
866	155
866	326
866	477
866	560
866	953
867	227
867	255
867	572
867	689
867	735
867	792
868	171
868	271
868	336
868	416
868	420
868	655
869	226
869	344
869	526
869	713
869	1000
870	20
870	48
870	55
870	468
870	522
871	70
871	107
871	196
871	431
871	449
871	904
872	26
872	30
872	254
872	620
872	800
872	941
873	101
873	124
873	179
873	188
873	299
873	831
874	202
874	525
874	768
874	783
874	885
874	991
875	233
875	563
875	717
875	893
875	927
875	937
876	167
876	253
876	644
876	724
876	738
876	877
877	84
877	172
877	253
877	636
877	724
877	876
878	33
878	68
878	558
878	585
878	726
878	932
879	36
879	104
879	199
879	222
879	225
879	613
880	128
880	220
880	313
880	767
880	802
880	846
881	243
881	444
881	595
881	643
881	741
881	936
882	447
882	499
882	618
882	636
882	658
882	851
883	90
883	158
883	285
883	325
883	480
883	537
884	45
884	182
884	230
884	353
884	488
884	513
885	32
885	202
885	525
885	783
885	887
885	991
886	207
886	460
886	587
886	686
886	958
886	996
887	32
887	289
887	525
887	698
887	783
887	874
888	210
888	385
888	559
888	844
888	885
888	909
889	269
889	334
889	529
889	536
889	811
889	838
890	148
890	228
890	465
890	571
890	839
890	843
891	70
891	431
891	449
891	582
891	871
891	929
892	7
892	90
892	320
892	324
892	700
892	928
893	102
893	119
893	233
893	875
893	937
893	943
894	341
894	584
894	601
894	821
894	856
894	970
895	28
895	546
895	758
895	798
895	857
895	930
896	181
896	304
896	355
896	414
896	845
896	940
897	189
897	244
897	681
897	770
897	780
897	898
898	189
898	244
898	490
898	667
898	681
898	780
899	171
899	387
899	420
899	453
899	543
899	868
900	198
900	212
900	456
900	610
900	682
900	683
901	145
901	612
901	715
901	754
901	805
901	917
902	153
902	215
902	391
902	492
902	685
902	982
903	140
903	209
903	264
903	440
903	576
903	716
904	29
904	153
904	435
904	596
904	954
904	967
905	91
905	126
905	294
905	463
905	497
905	858
906	278
906	580
906	769
906	913
906	985
906	994
907	183
907	667
907	681
907	770
907	817
907	897
908	307
908	347
908	368
908	399
908	938
908	950
909	88
909	218
909	387
909	559
909	888
909	955
910	143
910	242
910	485
910	502
910	505
910	693
911	127
911	361
911	552
911	619
911	671
911	963
912	158
912	221
912	285
912	362
912	500
912	883
913	262
913	461
913	660
913	789
913	985
913	994
914	12
914	254
914	592
914	797
914	941
914	949
915	52
915	223
915	679
915	694
915	702
915	820
916	262
916	461
916	580
916	590
916	660
916	821
917	60
917	145
917	301
917	555
917	615
917	901
918	96
918	139
918	159
918	164
918	372
918	677
919	365
919	432
919	544
919	823
919	827
919	862
920	50
920	307
920	327
920	443
920	569
921	4
921	167
921	601
921	663
921	680
921	804
922	79
922	364
922	409
922	510
922	793
922	969
923	99
923	332
923	358
923	503
923	652
923	818
924	317
924	553
924	565
924	737
924	851
924	852
925	229
925	295
925	589
925	598
925	697
925	740
926	10
926	108
926	473
926	702
926	746
926	954
927	119
927	233
927	371
927	443
927	717
927	849
928	64
928	90
928	309
928	421
928	425
928	834
929	33
929	39
929	155
929	306
929	560
929	866
930	275
930	324
930	337
930	758
930	857
930	895
931	122
931	191
931	597
931	764
931	778
931	828
932	33
932	68
932	100
932	558
932	665
932	878
933	35
933	126
933	294
933	673
933	762
933	784
934	369
934	448
934	464
934	609
934	625
934	772
935	74
935	125
935	130
935	193
935	495
935	650
936	14
936	243
936	343
936	444
936	756
936	881
937	233
937	563
937	717
937	893
937	927
937	943
938	67
938	194
938	411
938	669
938	908
938	950
939	18
939	62
939	177
939	532
939	720
939	809
940	291
940	355
940	414
940	573
940	845
940	896
941	40
941	592
941	797
941	800
941	872
941	949
942	350
942	373
942	475
942	650
942	732
942	935
943	371
943	443
943	893
943	919
943	927
943	937
944	51
944	135
944	395
944	419
944	457
944	771
945	172
945	204
945	265
945	696
945	725
945	837
946	281
946	507
946	523
946	629
946	727
946	788
947	109
947	163
947	544
947	813
947	823
947	919
948	223
948	331
948	496
948	765
948	820
948	915
949	30
949	277
949	620
949	800
949	872
949	941
950	194
950	347
950	399
950	669
950	911
950	938
951	319
951	373
951	374
951	406
951	466
951	734
952	237
952	321
952	594
952	676
952	739
952	900
953	39
953	125
953	161
953	477
953	679
953	929
954	108
954	426
954	473
954	633
954	926
954	983
955	218
955	265
955	305
955	844
955	909
955	997
956	67
956	179
956	194
956	368
956	669
956	938
957	5
957	15
957	57
957	136
957	157
958	576
958	587
958	647
958	686
958	731
958	996
959	134
959	282
959	404
959	678
959	691
959	760
960	100
960	117
960	204
960	393
960	703
960	837
961	99
961	256
961	292
961	439
961	503
961	518
962	71
962	654
962	664
962	672
962	736
962	814
963	127
963	354
963	361
963	484
963	675
963	723
964	323
964	529
964	628
964	642
964	861
964	889
965	42
965	384
965	411
965	479
965	539
965	976
966	21
966	116
966	151
966	474
966	605
966	817
967	29
967	97
967	163
967	215
967	902
967	904
968	89
968	145
968	201
968	481
968	483
968	815
969	335
969	510
969	794
969	795
969	918
969	922
970	403
970	478
970	584
970	719
970	856
970	894
971	89
971	120
971	481
971	519
971	777
971	968
972	23
972	35
972	127
972	190
972	423
972	545
973	395
973	457
973	493
973	771
973	781
973	988
974	38
974	144
974	261
974	350
974	662
974	979
975	167
975	401
975	577
975	644
975	724
975	876
976	76
976	272
976	384
976	411
976	889
976	965
977	210
977	418
977	610
977	853
977	854
977	900
978	386
978	540
978	730
978	759
978	787
978	812
979	38
979	65
979	176
979	261
979	350
979	468
980	112
980	213
980	270
980	380
980	446
980	701
981	147
981	286
981	346
981	754
981	833
982	435
982	492
982	596
982	685
982	902
982	967
983	333
983	516
983	598
983	740
983	806
983	825
984	231
984	239
984	313
984	626
984	769
984	805
985	262
985	461
985	590
985	906
985	913
985	986
986	262
986	437
986	580
986	660
986	906
986	916
987	148
987	201
987	217
987	342
987	367
987	843
988	51
988	135
988	395
988	419
988	781
988	944
989	171
989	271
989	387
989	416
989	472
989	899
990	77
990	165
990	317
990	498
990	705
990	860
991	202
991	289
991	530
991	687
991	698
991	887
992	2
992	214
992	264
992	300
992	632
993	56
993	408
993	415
993	542
993	708
993	722
994	261
994	437
994	461
994	590
994	913
994	916
995	37
995	66
995	180
995	635
995	652
995	726
996	95
996	207
996	460
996	647
996	686
996	886
997	218
997	305
997	385
997	559
997	711
997	844
998	515
998	523
998	624
998	629
998	692
998	788
999	54
999	351
999	482
999	486
999	602
999	757
1000	226
1000	344
1000	526
1000	713
1000	869
