1	25
1	143
1	221
1	322
1	400
1	427
1	477
1	478
1	486
1	528
1	535
1	595
1	616
1	623
1	628
2	153
2	217
2	283
2	311
2	355
2	361
2	369
2	442
2	457
2	544
2	599
2	606
2	611
2	677
2	690
3	40
3	216
3	305
3	315
3	403
3	428
3	548
3	551
3	632
3	675
3	676
3	678
3	679
3	680
3	691
3	693
3	694
3	698
4	119
4	124
4	131
4	199
4	262
4	278
4	388
4	410
4	465
4	539
4	546
4	575
4	627
4	639
4	661
4	666
5	23
5	75
5	164
5	261
5	306
5	343
5	350
5	386
5	415
5	420
5	436
5	460
5	529
5	541
5	546
5	653
6	194
6	259
6	270
6	401
6	452
6	492
6	496
6	530
6	542
6	554
6	556
6	567
6	593
6	623
6	681
6	700
7	32
7	109
7	174
7	202
7	340
7	370
7	376
7	568
7	569
7	584
7	601
7	626
7	635
7	652
7	659
7	672
8	19
8	35
8	84
8	111
8	146
8	238
8	337
8	476
8	481
8	517
8	519
8	550
8	572
8	604
8	629
9	94
9	221
9	427
9	466
9	477
9	487
9	514
9	528
9	535
9	545
9	564
9	579
9	595
9	616
9	634
9	647
10	101
10	256
10	389
10	454
10	482
10	538
10	576
10	596
10	605
10	644
10	651
10	660
10	663
10	670
10	673
10	674
10	682
10	686
10	688
10	697
11	199
11	262
11	278
11	301
11	380
11	390
11	516
11	531
11	543
11	546
11	575
11	588
11	627
11	661
11	666
12	3
12	26
12	266
12	512
12	522
12	527
12	555
12	562
12	632
12	657
12	675
12	678
12	679
12	680
12	691
12	693
12	694
12	698
13	22
13	100
13	130
13	173
13	334
13	367
13	406
13	419
13	422
13	443
13	552
13	586
13	639
13	641
13	671
14	1
14	176
14	221
14	321
14	448
14	468
14	500
14	514
14	528
14	535
14	545
14	564
14	579
14	595
14	634
14	647
15	198
15	286
15	291
15	423
15	434
15	484
15	536
15	540
15	561
15	570
15	573
15	578
15	590
15	592
15	606
16	167
16	200
16	257
16	304
16	378
16	398
16	455
16	513
16	546
16	547
16	561
16	562
16	602
16	623
16	651
17	227
17	239
17	280
17	334
17	367
17	383
17	402
17	406
17	434
17	503
17	552
17	586
17	611
17	618
17	698
18	20
18	219
18	228
18	364
18	382
18	471
18	507
18	523
18	610
18	629
18	636
18	683
18	684
18	689
18	695
18	696
19	35
19	161
19	188
19	238
19	273
19	476
19	481
19	517
19	519
19	550
19	572
19	599
19	684
19	685
19	687
20	18
20	211
20	347
20	364
20	382
20	523
20	600
20	629
20	631
20	636
20	638
20	683
20	684
20	689
20	695
20	696
21	15
21	198
21	263
21	286
21	328
21	356
21	475
21	484
21	536
21	540
21	573
21	578
21	590
21	592
21	606
22	17
22	41
22	100
22	127
22	130
22	181
22	255
22	406
22	411
22	413
22	417
22	552
22	586
22	612
22	654
22	674
23	5
23	38
23	160
23	261
23	296
23	343
23	350
23	379
23	386
23	436
23	446
23	521
23	527
23	655
23	672
24	56
24	78
24	166
24	169
24	237
24	357
24	412
24	532
24	648
24	650
24	655
24	677
24	681
24	685
24	692
24	699
24	700
25	321
25	322
25	362
25	456
25	468
25	486
25	545
25	564
25	579
25	595
25	616
25	623
25	628
25	634
25	647
26	132
26	157
26	179
26	226
26	444
26	483
26	548
26	551
26	555
26	562
26	657
26	669
26	675
26	676
26	679
26	680
26	691
26	693
26	694
26	698
27	51
27	67
27	170
27	225
27	313
27	353
27	366
27	425
27	451
27	458
27	512
27	534
27	558
27	656
27	685
27	687
28	201
28	219
28	302
28	372
28	413
28	471
28	598
28	600
28	619
28	629
28	631
28	636
28	683
28	684
28	689
28	696
29	178
29	225
29	297
29	313
29	353
29	366
29	425
29	451
29	467
29	526
29	534
29	558
29	615
29	658
29	666
30	140
30	257
30	291
30	326
30	335
30	344
30	439
30	455
30	513
30	547
30	550
30	561
30	585
30	607
30	622
30	680
31	167
31	189
31	195
31	399
31	423
31	464
31	488
31	495
31	505
31	553
31	558
31	589
31	619
31	674
31	690
32	7
32	94
32	165
32	174
32	299
32	348
32	370
32	601
32	609
32	626
32	635
32	652
32	656
32	659
32	672
33	360
33	453
33	482
33	489
33	525
33	596
33	605
33	644
33	651
33	660
33	663
33	670
33	673
33	674
33	682
33	686
33	688
33	697
34	286
34	346
34	355
34	369
34	437
34	442
34	447
34	457
34	566
34	581
34	599
34	611
34	618
34	624
34	667
35	70
35	161
35	188
35	238
35	254
35	273
35	337
35	347
35	407
35	476
35	481
35	517
35	550
35	572
35	573
35	676
36	43
36	51
36	95
36	196
36	296
36	337
36	396
36	401
36	521
36	541
36	560
36	608
36	609
36	610
36	617
37	80
37	246
37	275
37	290
37	404
37	604
37	624
37	648
37	650
37	655
37	677
37	681
37	685
37	692
37	699
37	700
38	23
38	36
38	71
38	128
38	164
38	186
38	191
38	272
38	343
38	386
38	415
38	506
38	521
38	560
38	654
39	16
39	134
39	148
39	214
39	279
39	308
39	339
39	526
39	528
39	574
39	577
39	579
39	599
39	613
39	658
40	44
40	46
40	137
40	226
40	512
40	527
40	551
40	555
40	562
40	632
40	657
40	669
40	675
40	678
40	679
40	680
40	691
40	693
40	694
40	698
41	255
41	334
41	367
41	377
41	383
41	406
41	417
41	422
41	443
41	461
41	552
41	563
41	586
41	616
41	663
42	24
42	82
42	326
42	404
42	408
42	412
42	604
42	612
42	624
42	648
42	655
42	677
42	685
42	692
42	699
42	700
43	306
43	343
43	345
43	354
43	359
43	401
43	415
43	434
43	460
43	521
43	558
43	613
43	637
43	664
43	670
44	12
44	69
44	179
44	266
44	315
44	371
44	428
44	512
44	555
44	562
44	669
44	675
44	676
44	678
44	679
44	680
44	691
44	693
44	694
44	698
45	162
45	218
45	244
45	346
45	405
45	594
45	597
45	625
45	637
45	641
45	645
45	654
45	662
45	667
45	668
45	671
46	44
46	157
46	179
46	277
46	305
46	315
46	371
46	403
46	480
46	522
46	527
46	548
46	555
46	632
46	657
46	669
46	675
46	678
46	679
46	680
46	691
46	693
46	694
46	698
47	112
47	144
47	255
47	339
47	418
47	431
47	524
47	528
47	533
47	542
47	574
47	577
47	613
47	668
47	670
48	151
48	250
48	264
48	298
48	300
48	424
48	432
48	501
48	559
48	620
48	621
48	642
48	658
48	664
48	687
48	690
49	121
49	180
49	309
49	311
49	327
49	429
49	491
49	515
49	580
49	608
49	622
49	633
49	640
49	646
49	700
50	17
50	41
50	100
50	163
50	265
50	356
50	377
50	383
50	406
50	422
50	443
50	450
50	452
50	552
50	586
50	678
51	29
51	67
51	200
51	225
51	280
51	429
51	458
51	534
51	539
51	558
51	559
51	564
51	582
51	600
51	694
52	54
52	78
52	80
52	326
52	408
52	412
52	469
52	532
52	604
52	624
52	655
52	677
52	681
52	692
52	699
52	700
53	37
53	62
53	115
53	158
53	290
53	326
53	357
53	404
53	591
53	604
53	648
53	681
53	685
53	692
53	699
53	700
54	53
54	56
54	62
54	78
54	136
54	246
54	469
54	612
54	648
54	650
54	655
54	677
54	685
54	692
54	699
54	700
55	51
55	77
55	97
55	178
55	280
55	299
55	353
55	366
55	425
55	451
55	458
55	467
55	534
55	558
55	696
56	24
56	37
56	53
56	357
56	591
56	604
56	612
56	624
56	650
56	655
56	677
56	681
56	685
56	692
56	699
56	700
57	137
57	421
57	483
57	512
57	522
57	562
57	632
57	657
57	669
57	675
57	676
57	678
57	679
57	680
57	691
57	693
57	694
57	698
58	133
58	173
58	180
58	309
58	351
58	386
58	402
58	426
58	429
58	515
58	608
58	612
58	622
58	633
58	640
59	2
59	107
59	145
59	152
59	239
59	282
59	355
59	369
59	457
59	509
59	520
59	544
59	581
59	583
59	599
59	611
60	203
60	352
60	420
60	447
60	454
60	485
60	570
60	596
60	605
60	660
60	663
60	670
60	673
60	674
60	682
60	686
60	697
61	98
61	239
61	283
61	294
61	361
61	437
61	442
61	449
61	468
61	520
61	559
61	581
61	599
61	611
61	618
62	42
62	54
62	158
62	166
62	326
62	408
62	498
62	604
62	648
62	655
62	677
62	681
62	685
62	692
62	699
62	700
63	18
63	20
63	129
63	302
63	598
63	600
63	610
63	619
63	636
63	638
63	683
63	684
63	689
63	695
63	696
64	47
64	122
64	148
64	292
64	339
64	341
64	343
64	378
64	418
64	526
64	538
64	568
64	577
64	613
64	665
65	142
65	167
65	195
65	238
65	345
65	392
65	416
65	464
65	488
65	495
65	503
65	505
65	553
65	589
65	663
66	33
66	101
66	247
66	316
66	454
66	489
66	525
66	576
66	644
66	651
66	660
66	663
66	673
66	674
66	682
66	686
66	688
66	697
67	55
67	200
67	280
67	313
67	354
67	366
67	425
67	451
67	467
67	507
67	534
67	548
67	558
67	589
67	630
68	295
68	318
68	320
68	387
68	419
68	459
68	500
68	509
68	565
68	571
68	603
68	630
68	643
68	646
68	649
68	653
69	46
69	179
69	226
69	305
69	325
69	444
69	480
69	483
69	527
69	548
69	551
69	657
69	669
69	678
69	679
69	680
69	691
69	693
69	694
69	698
70	84
70	233
70	335
70	369
70	407
70	481
70	498
70	516
70	517
70	541
70	550
70	572
70	596
70	638
70	681
71	158
71	169
71	469
71	498
71	604
71	612
71	624
71	648
71	650
71	655
71	677
71	681
71	685
71	692
71	699
71	700
72	43
72	164
72	272
72	354
72	396
72	415
72	436
72	446
72	521
72	541
72	560
72	576
72	602
72	652
72	693
73	116
73	140
73	160
73	232
73	304
73	378
73	411
73	416
73	427
73	455
73	513
73	537
73	561
73	585
73	655
74	71
74	80
74	82
74	166
74	169
74	246
74	469
74	624
74	648
74	650
74	677
74	681
74	685
74	692
74	699
74	700
75	119
75	245
75	267
75	301
75	321
75	354
75	359
75	432
75	479
75	630
75	662
75	671
75	673
75	683
75	699
76	32
76	213
76	220
76	269
76	323
76	370
76	510
76	568
76	583
76	609
76	626
76	635
76	652
76	656
76	659
76	672
77	224
77	240
77	270
77	324
77	379
77	452
77	453
77	507
77	530
77	554
77	556
77	563
77	566
77	567
77	593
78	53
78	154
78	171
78	326
78	332
78	498
78	532
78	612
78	624
78	648
78	655
78	677
78	685
78	692
78	699
78	700
79	18
79	219
79	251
79	258
79	471
79	507
79	511
79	598
79	600
79	610
79	619
79	683
79	684
79	689
79	695
79	696
80	37
80	82
80	136
80	154
80	237
80	404
80	408
80	604
80	624
80	650
80	677
80	681
80	685
80	692
80	699
80	700
81	63
81	123
81	347
81	413
81	490
81	511
81	523
81	598
81	610
81	619
81	629
81	636
81	638
81	684
81	695
81	696
82	78
82	80
82	136
82	158
82	404
82	408
82	591
82	604
82	650
82	655
82	677
82	681
82	685
82	692
82	699
82	700
83	183
83	201
83	204
83	263
83	291
83	385
83	452
83	484
83	518
83	540
83	573
83	578
83	590
83	592
83	606
83	699
84	11
84	60
84	135
84	161
84	233
84	273
84	337
84	407
84	481
84	517
84	519
84	550
84	572
84	632
84	689
85	139
85	187
85	214
85	216
85	232
85	245
85	335
85	378
85	411
85	439
85	513
85	537
85	547
85	585
85	602
85	672
86	13
86	194
86	224
86	270
86	379
86	422
86	450
86	452
86	492
86	530
86	554
86	556
86	563
86	566
86	567
86	593
87	49
87	108
87	311
87	312
87	317
87	429
87	438
87	445
87	494
87	497
87	580
87	608
87	622
87	633
87	640
88	49
88	69
88	87
88	108
88	173
88	243
88	426
88	429
88	491
88	497
88	580
88	633
88	640
88	643
88	682
88	687
89	122
89	128
89	193
89	227
89	268
89	336
89	368
89	381
89	621
89	642
89	658
89	664
89	665
89	687
89	690
90	68
90	208
90	289
90	295
90	431
90	474
90	479
90	524
90	549
90	565
90	571
90	630
90	643
90	646
90	649
90	653
91	50
91	214
91	279
91	332
91	341
91	433
91	478
91	526
91	533
91	542
91	574
91	577
91	591
91	613
91	669
92	89
92	141
92	172
92	183
92	210
92	253
92	368
92	441
92	559
92	620
92	621
92	642
92	664
92	665
92	687
92	690
93	70
93	111
93	146
93	188
93	281
93	337
93	363
93	407
93	412
93	443
93	476
93	517
93	519
93	550
93	572
94	76
94	202
94	223
94	269
94	323
94	340
94	568
94	569
94	601
94	626
94	635
94	652
94	656
94	659
94	672
95	23
95	38
95	64
95	72
95	75
95	191
95	198
95	212
95	272
95	354
95	383
95	386
95	436
95	555
95	564
96	159
96	177
96	267
96	302
96	364
96	382
96	490
96	507
96	619
96	629
96	631
96	683
96	684
96	689
96	695
96	696
97	132
97	189
97	232
97	254
97	303
97	331
97	345
97	394
97	399
97	416
97	423
97	503
97	505
97	582
97	587
98	107
98	145
98	239
98	361
98	369
98	442
98	449
98	457
98	520
98	610
98	611
98	618
98	635
98	649
98	669
99	162
99	312
99	391
99	405
99	462
99	493
99	504
99	594
99	597
99	615
99	625
99	637
99	641
99	645
99	654
99	662
99	667
99	668
99	671
100	181
100	209
100	265
100	365
100	383
100	406
100	417
100	422
100	429
100	552
100	577
100	586
100	637
100	647
100	672
101	60
101	66
101	190
101	203
101	212
101	288
101	454
101	473
101	529
101	605
101	644
101	651
101	670
101	674
101	682
101	686
101	688
101	697
102	28
102	79
102	159
102	249
102	372
102	382
102	490
102	598
102	600
102	619
102	629
102	631
102	683
102	684
102	689
102	696
103	2
103	283
103	339
103	355
103	414
103	440
103	449
103	457
103	482
103	544
103	581
103	586
103	599
103	611
103	618
104	184
104	190
104	203
104	256
104	389
104	448
104	473
104	489
104	525
104	570
104	596
104	605
104	651
104	660
104	670
104	682
104	686
104	688
104	697
105	91
105	112
105	175
105	214
105	392
105	418
105	433
105	526
105	533
105	542
105	574
105	577
105	613
105	643
105	660
105	700
106	196
106	222
106	244
106	346
106	504
106	594
106	597
106	607
106	615
106	625
106	637
106	645
106	654
106	662
106	667
106	668
106	671
107	52
107	61
107	98
107	153
107	283
107	294
107	355
107	361
107	369
107	440
107	449
107	457
107	470
107	599
107	611
107	618
108	58
108	61
108	173
108	226
108	327
108	351
108	402
108	409
108	446
108	494
108	580
108	606
108	608
108	622
108	633
108	640
109	76
109	165
109	223
109	259
109	269
109	323
109	340
109	568
109	583
109	592
109	626
109	652
109	656
109	659
109	672
109	697
110	35
110	314
110	317
110	342
110	379
110	450
110	480
110	492
110	496
110	530
110	554
110	556
110	563
110	566
110	567
110	593
111	84
111	113
111	137
111	161
111	188
111	238
111	268
111	319
111	407
111	476
111	519
111	572
111	603
111	686
111	699
112	134
112	214
112	231
112	279
112	331
112	395
112	418
112	515
112	526
112	533
112	542
112	574
112	577
112	613
112	691
112	696
113	104
113	316
113	389
113	454
113	482
113	489
113	538
113	570
113	576
113	644
113	660
113	663
113	670
113	673
113	682
113	686
113	688
113	697
114	202
114	215
114	223
114	242
114	285
114	370
114	376
114	568
114	569
114	583
114	601
114	609
114	652
114	656
114	659
114	672
115	56
115	71
115	171
115	290
115	332
115	469
115	498
115	591
115	648
115	650
115	677
115	681
115	685
115	692
115	699
115	700
116	42
116	73
116	111
116	232
116	235
116	245
116	338
116	398
116	439
116	513
116	547
116	557
116	561
116	585
116	602
116	679
117	30
117	139
117	177
117	235
117	338
117	378
117	439
117	442
117	513
117	537
117	561
117	580
117	585
117	602
117	664
118	99
118	204
118	328
118	356
118	469
118	475
118	484
118	499
118	518
118	536
118	540
118	573
118	590
118	592
118	606
119	252
119	271
119	284
119	301
119	373
119	388
119	410
119	414
119	539
119	575
119	588
119	614
119	627
119	639
119	661
119	666
120	126
120	162
120	185
120	222
120	244
120	391
120	405
120	466
120	502
120	594
120	597
120	615
120	637
120	641
120	654
120	662
120	667
120	668
120	671
121	58
121	138
121	173
121	311
121	409
121	426
121	445
121	491
121	494
121	515
121	580
121	608
121	622
121	633
121	640
122	193
122	276
122	336
122	358
122	381
122	424
122	432
122	501
122	617
122	620
122	621
122	664
122	665
122	687
122	690
123	63
123	229
123	249
123	347
123	470
123	511
123	610
123	619
123	629
123	631
123	638
123	683
123	684
123	689
123	695
123	696
124	119
124	135
124	252
124	278
124	301
124	516
124	543
124	546
124	575
124	588
124	614
124	627
124	639
124	661
124	666
125	179
125	292
125	395
125	418
125	421
125	433
125	518
125	526
125	533
125	542
125	574
125	577
125	613
125	625
125	665
126	196
126	218
126	222
126	312
126	346
126	435
126	502
126	597
126	607
126	625
126	637
126	645
126	654
126	662
126	667
126	668
126	671
127	1
127	9
127	25
127	221
127	322
127	362
127	478
127	514
127	528
127	564
127	579
127	595
127	616
127	628
127	634
127	647
128	48
128	151
128	274
128	368
128	432
128	441
128	557
128	617
128	620
128	621
128	642
128	664
128	665
128	687
128	690
129	102
129	159
129	211
129	230
129	347
129	511
129	523
129	619
129	629
129	631
129	636
129	638
129	683
129	689
129	695
129	696
130	13
130	41
130	50
130	255
130	265
130	296
130	367
130	368
130	377
130	383
130	406
130	417
130	584
130	586
130	692
131	11
131	187
131	284
131	301
131	410
131	414
131	416
131	516
131	546
131	575
131	586
131	614
131	627
131	639
131	661
131	666
132	3
132	421
132	428
132	444
132	522
132	548
132	551
132	562
132	632
132	657
132	675
132	676
132	678
132	679
132	691
132	693
132	694
132	698
133	49
133	87
133	108
133	121
133	241
133	351
133	409
133	438
133	491
133	497
133	580
133	608
133	622
133	633
133	640
134	64
134	91
134	125
134	144
134	151
134	214
134	222
134	292
134	395
134	433
134	533
134	542
134	574
134	577
134	613
135	187
135	281
135	284
135	373
135	410
135	414
135	508
135	516
135	543
135	546
135	575
135	588
135	614
135	627
135	661
135	666
136	74
136	115
136	158
136	171
136	357
136	404
136	591
136	604
136	612
136	655
136	677
136	681
136	685
136	692
136	699
136	700
137	26
137	44
137	46
137	315
137	403
137	421
137	522
137	669
137	675
137	676
137	678
137	679
137	680
137	691
137	693
137	694
137	698
138	58
138	88
138	241
138	283
138	351
138	384
138	494
138	497
138	530
138	608
138	622
138	633
138	636
138	640
138	686
139	73
139	117
139	269
139	292
139	335
139	378
139	411
139	439
139	537
139	547
139	561
139	570
139	585
139	602
139	664
140	245
140	257
140	398
140	455
140	513
140	537
140	547
140	561
140	571
140	585
140	602
140	659
140	661
140	663
140	677
141	92
141	250
141	253
141	264
141	336
141	424
141	501
141	577
141	617
141	621
141	642
141	664
141	665
141	671
141	687
141	690
142	195
142	197
142	287
142	303
142	394
142	458
142	463
142	488
142	495
142	505
142	553
142	568
142	582
142	587
142	589
142	647
143	221
143	385
143	393
143	427
143	456
143	472
143	477
143	478
143	486
143	495
143	528
143	535
143	616
143	628
143	634
143	647
144	64
144	105
144	175
144	339
144	341
144	395
144	494
144	526
144	533
144	542
144	550
144	574
144	577
144	613
144	653
144	676
145	24
145	61
145	103
145	282
145	369
145	397
145	440
145	449
145	520
145	544
145	581
145	599
145	611
145	618
145	677
146	8
146	19
146	28
146	70
146	233
146	273
146	328
146	476
146	481
146	517
146	519
146	550
146	554
146	609
146	694
147	201
147	229
147	230
147	258
147	490
147	511
147	523
147	610
147	629
147	636
147	638
147	683
147	684
147	689
147	695
147	696
148	23
148	64
148	112
148	193
148	292
148	341
148	395
148	476
148	505
148	526
148	549
148	574
148	577
148	613
148	675
149	155
149	289
149	320
149	363
149	430
149	459
149	474
149	500
149	506
149	571
149	603
149	630
149	643
149	646
149	649
149	653
150	118
150	192
150	204
150	328
150	349
150	385
150	499
150	513
150	536
150	573
150	578
150	590
150	592
150	606
150	662
151	193
151	205
151	268
151	276
151	300
151	358
151	559
151	617
151	620
151	621
151	658
151	664
151	665
151	687
151	690
152	217
152	239
152	333
152	340
152	355
152	361
152	437
152	449
152	520
152	581
152	599
152	618
152	619
152	642
152	670
153	107
153	282
153	294
153	314
153	333
153	399
153	437
153	442
153	449
153	520
153	566
153	581
153	599
153	611
153	618
153	661
154	37
154	54
154	74
154	80
154	246
154	332
154	404
154	498
154	591
154	624
154	648
154	677
154	681
154	692
154	699
154	700
155	68
155	329
155	375
155	387
155	419
155	479
155	509
155	549
155	565
155	571
155	603
155	630
155	643
155	646
155	649
155	653
156	31
156	144
156	186
156	220
156	252
156	256
156	392
156	394
156	399
156	463
156	464
156	488
156	503
156	505
156	590
157	12
157	46
157	325
157	480
157	483
157	512
157	527
157	551
157	555
157	562
157	657
157	669
157	675
157	676
157	678
157	679
157	680
157	691
157	693
157	694
157	698
158	62
158	115
158	169
158	237
158	591
158	604
158	612
158	624
158	648
158	650
158	655
158	681
158	685
158	692
158	699
158	700
159	102
159	147
159	211
159	372
159	382
159	470
159	471
159	507
159	511
159	600
159	610
159	629
159	631
159	683
159	695
159	696
160	20
160	57
160	72
160	164
160	191
160	297
160	306
160	343
160	350
160	436
160	446
160	460
160	521
160	541
160	547
160	560
161	70
161	78
161	93
161	111
161	124
161	188
161	204
161	238
161	302
161	476
161	481
161	517
161	519
161	550
161	572
162	244
162	493
162	502
162	504
162	594
162	607
162	615
162	625
162	637
162	641
162	645
162	654
162	662
162	667
162	668
162	671
163	130
163	255
163	320
163	334
163	377
163	417
163	422
163	443
163	464
163	552
163	578
163	586
163	594
163	622
163	655
164	5
164	261
164	272
164	296
164	359
164	365
164	386
164	395
164	401
164	415
164	436
164	446
164	521
164	541
164	560
165	32
165	109
165	114
165	213
165	220
165	259
165	330
165	569
165	583
165	601
165	609
165	635
165	652
165	659
165	672
166	24
166	62
166	80
166	326
166	591
166	612
166	624
166	648
166	650
166	655
166	677
166	681
166	685
166	692
166	699
166	700
167	31
167	65
167	186
167	392
167	394
167	399
167	423
167	463
167	464
167	488
167	495
167	503
167	587
167	589
167	607
167	673
168	106
168	234
168	236
168	400
168	456
168	468
168	472
168	486
168	487
168	496
168	528
168	564
168	579
168	623
168	628
168	634
169	42
169	53
169	56
169	275
169	290
169	412
169	532
169	591
169	650
169	655
169	677
169	681
169	685
169	692
169	699
169	700
170	56
170	178
170	200
170	280
170	297
170	391
170	425
170	451
170	534
170	558
170	588
170	679
170	681
170	692
170	699
171	136
171	326
171	412
171	498
171	532
171	604
171	612
171	624
171	648
171	650
171	677
171	681
171	685
171	692
171	699
171	700
172	89
172	92
172	151
172	183
172	203
172	210
172	227
172	300
172	435
172	559
172	642
172	658
172	664
172	665
172	687
172	690
173	1
173	88
173	180
173	249
173	384
173	409
173	426
173	491
173	497
173	515
173	608
173	622
173	633
173	636
173	640
173	678
174	48
174	76
174	220
174	299
174	323
174	461
174	568
174	569
174	584
174	587
174	609
174	635
174	652
174	656
174	659
174	672
175	34
175	105
175	134
175	231
175	279
175	418
175	433
175	526
175	527
175	562
175	574
175	575
175	577
175	613
175	650
176	14
176	168
176	400
176	427
176	468
176	487
176	535
176	545
176	564
176	579
176	616
176	623
176	628
176	634
176	647
177	96
177	123
177	129
177	249
177	260
177	471
177	600
177	610
177	619
177	631
177	638
177	683
177	684
177	689
177	695
177	696
178	130
178	225
178	297
178	313
178	353
178	366
178	425
178	449
178	451
178	458
178	461
178	467
178	558
178	588
178	601
179	3
179	132
179	182
179	315
179	480
179	527
179	632
179	657
179	669
179	676
179	678
179	679
179	680
179	691
179	693
179	694
179	698
180	87
180	88
180	133
180	241
180	243
180	426
180	429
180	430
180	438
180	491
180	497
180	557
180	580
180	622
180	633
180	640
181	13
181	22
181	41
181	130
181	169
181	422
181	443
181	552
181	586
181	608
181	634
181	679
181	685
181	688
181	700
182	157
182	421
182	444
182	483
182	512
182	527
182	555
182	562
182	632
182	657
182	669
182	676
182	678
182	679
182	680
182	691
182	693
182	694
182	698
183	92
183	141
183	209
183	227
183	268
183	358
183	368
183	424
183	441
183	559
183	617
183	642
183	658
183	687
183	690
184	66
184	101
184	212
184	247
184	374
184	447
184	453
184	489
184	576
184	596
184	605
184	644
184	660
184	663
184	670
184	673
184	674
184	686
184	688
184	697
185	106
185	126
185	196
185	207
185	287
185	346
185	391
185	405
185	594
185	597
185	607
185	615
185	637
185	641
185	654
185	662
185	667
185	668
185	671
186	26
186	116
186	293
186	392
186	399
186	416
186	423
186	503
186	517
186	553
186	560
186	582
186	587
186	589
186	677
187	119
187	252
187	290
187	301
187	373
187	465
187	531
187	539
187	546
187	552
187	575
187	588
187	627
187	639
187	661
187	666
188	8
188	35
188	93
188	105
188	111
188	233
188	273
188	337
188	476
188	481
188	517
188	550
188	553
188	572
188	658
188	667
189	142
189	167
189	186
189	197
189	230
189	264
189	303
189	355
189	463
189	468
189	488
189	505
189	553
189	582
189	587
189	589
190	248
190	352
190	448
190	473
190	485
190	489
190	576
190	596
190	651
190	660
190	663
190	670
190	673
190	674
190	682
190	686
190	688
190	697
191	36
191	272
191	296
191	343
191	354
191	386
191	396
191	401
191	436
191	446
191	460
191	560
191	619
191	670
192	83
192	263
192	356
192	385
192	475
192	497
192	499
192	536
192	540
192	564
192	573
192	578
192	590
192	592
192	606
193	250
193	300
193	336
193	381
193	432
193	557
193	559
193	617
193	642
193	658
193	664
193	665
193	687
193	690
194	77
194	314
194	319
194	342
194	450
194	452
194	492
194	496
194	530
194	533
194	556
194	563
194	567
194	593
194	661
195	65
195	197
195	331
195	392
195	394
195	399
195	423
195	488
195	505
195	553
195	582
195	587
195	589
195	645
195	674
196	45
196	312
196	435
196	462
196	466
196	502
196	594
196	597
196	607
196	625
196	641
196	645
196	654
196	662
196	667
196	668
196	671
197	156
197	178
197	331
197	345
197	394
197	423
197	463
197	464
197	488
197	495
197	540
197	553
197	582
197	589
198	15
198	21
198	83
198	118
198	150
198	192
198	475
198	499
198	518
198	573
198	578
198	590
198	592
198	606
199	131
199	170
199	252
199	271
199	390
199	414
199	539
199	543
199	588
199	597
199	614
199	627
199	639
199	661
199	666
200	27
200	29
200	90
200	300
200	353
200	366
200	458
200	467
200	489
200	540
200	558
200	586
200	606
200	644
201	177
201	228
201	262
201	470
201	511
201	523
201	598
201	630
201	631
201	636
201	638
201	683
201	684
201	689
201	696
202	174
202	269
202	308
202	323
202	348
202	494
202	530
202	568
202	584
202	601
202	609
202	626
202	652
202	659
202	672
203	104
203	212
203	288
203	316
203	352
203	525
203	596
203	644
203	660
203	663
203	670
203	674
203	682
203	686
203	688
203	697
204	83
204	150
204	198
204	349
204	356
204	475
204	484
204	499
204	536
204	540
204	573
204	578
204	590
204	606
205	122
205	209
205	227
205	293
205	432
205	501
205	557
205	621
205	642
205	658
205	664
205	665
205	687
205	690
206	86
206	270
206	317
206	324
206	379
206	450
206	452
206	496
206	530
206	554
206	563
206	566
206	567
206	593
207	45
207	120
207	126
207	244
207	435
207	466
207	502
207	504
207	594
207	615
207	637
207	641
207	645
207	654
207	662
207	667
207	671
208	155
208	307
208	320
208	419
208	479
208	506
208	509
208	524
208	565
208	603
208	630
208	643
208	646
208	649
208	653
209	183
209	205
209	253
209	293
209	300
209	441
209	620
209	621
209	642
209	658
209	664
209	665
209	687
209	690
210	122
210	141
210	209
210	358
210	501
210	557
210	559
210	617
210	620
210	621
210	642
210	658
210	664
210	665
210	690
211	123
211	147
211	177
211	228
211	347
211	470
211	490
211	507
211	511
211	598
211	631
211	683
211	684
211	689
211	696
212	247
212	316
212	374
212	453
212	454
212	489
212	605
212	644
212	651
212	660
212	670
212	673
212	682
212	686
212	688
212	697
213	308
213	365
213	398
213	510
213	568
213	569
213	583
213	601
213	609
213	626
213	652
213	656
213	659
213	672
213	678
214	47
214	91
214	125
214	134
214	206
214	351
214	395
214	418
214	526
214	533
214	542
214	574
214	577
214	613
215	180
215	223
215	225
215	308
215	323
215	330
215	376
215	568
215	584
215	601
215	635
215	652
215	656
215	659
215	672
216	132
216	277
216	325
216	428
216	444
216	483
216	657
216	669
216	676
216	678
216	679
216	680
216	691
216	693
216	694
216	698
217	103
217	107
217	270
217	437
217	440
217	441
217	520
217	544
217	599
217	611
217	618
217	625
217	682
217	693
218	126
218	162
218	244
218	391
218	435
218	466
218	493
218	597
218	615
218	625
218	637
218	641
218	645
218	654
218	662
218	667
218	668
218	671
219	81
219	159
219	249
219	251
219	490
219	598
219	600
219	610
219	631
219	636
219	638
219	684
219	689
219	695
219	696
220	76
220	202
220	330
220	365
220	415
220	493
220	510
220	568
220	569
220	583
220	584
220	601
220	609
220	635
220	672
221	9
221	272
221	289
221	310
221	362
221	393
221	472
221	477
221	478
221	528
221	579
221	595
221	623
221	634
221	647
222	45
222	185
222	287
222	391
222	435
222	462
222	597
222	607
222	625
222	637
222	641
222	654
222	662
222	667
222	668
222	671
223	269
223	285
223	376
223	461
223	510
223	569
223	583
223	601
223	609
223	626
223	635
223	652
223	659
223	672
224	194
224	206
224	379
224	450
224	452
224	456
224	492
224	496
224	530
224	556
224	563
224	566
224	567
224	593
224	626
225	29
225	55
225	58
225	241
225	280
225	322
225	366
225	406
225	451
225	458
225	467
225	534
225	558
225	628
226	44
226	157
226	216
226	421
226	444
226	551
226	562
226	632
226	657
226	675
226	676
226	679
226	680
226	691
226	693
226	694
226	698
227	172
227	210
227	276
227	300
227	441
227	617
227	620
227	621
227	642
227	658
227	664
227	665
227	687
227	690
228	79
228	96
228	251
228	413
228	471
228	598
228	610
228	619
228	629
228	631
228	636
228	683
228	695
228	696
229	18
229	147
229	230
229	251
229	302
229	372
229	470
229	600
229	629
229	631
229	636
229	683
229	689
229	695
229	696
230	129
230	219
230	258
230	267
230	470
230	490
230	610
230	619
230	631
230	638
230	683
230	684
230	689
230	695
230	696
231	39
231	134
231	175
231	279
231	341
231	395
231	433
231	466
231	526
231	542
231	574
231	577
231	613
231	693
232	16
232	30
232	139
232	257
232	338
232	344
232	455
232	537
232	547
232	561
232	581
232	585
232	602
232	695
233	8
233	84
233	93
233	188
233	337
233	407
233	473
233	476
233	481
233	517
233	519
233	550
233	572
233	661
234	236
234	333
234	362
234	468
234	472
234	478
234	486
234	544
234	564
234	579
234	595
234	616
234	623
234	628
234	634
235	16
235	116
235	139
235	140
235	304
235	335
235	338
235	378
235	398
235	439
235	513
235	537
235	561
235	585
236	127
236	143
236	176
236	393
236	427
236	456
236	487
236	535
236	564
236	593
236	595
236	616
236	628
236	647
236	672
237	171
237	246
237	332
237	404
237	408
237	532
237	591
237	648
237	655
237	677
237	681
237	685
237	692
237	699
237	700
238	8
238	70
238	84
238	111
238	337
238	375
238	407
238	476
238	481
238	517
238	519
238	550
238	572
238	693
239	152
239	202
239	294
239	333
239	355
239	397
239	440
239	457
239	520
239	544
239	580
239	581
239	599
239	639
239	681
240	6
240	317
240	342
240	379
240	424
240	496
240	530
240	554
240	556
240	563
240	566
240	567
240	593
240	667
241	243
241	384
241	426
241	438
241	445
241	494
241	497
241	515
241	580
241	587
241	608
241	620
241	622
241	640
242	114
242	215
242	223
242	299
242	330
242	461
242	569
242	584
242	609
242	626
242	635
242	652
242	659
242	672
243	30
243	121
243	133
243	180
243	241
243	327
243	409
243	480
243	494
243	515
243	594
243	622
243	629
243	633
243	640
244	45
244	346
244	462
244	502
244	594
244	597
244	615
244	625
244	637
244	641
244	645
244	654
244	662
244	667
244	668
244	671
245	38
245	73
245	85
245	117
245	139
245	257
245	316
245	335
245	398
245	411
245	455
245	513
245	537
245	585
245	602
246	78
246	82
246	115
246	154
246	408
246	532
246	591
246	604
246	648
246	650
246	655
246	677
246	692
246	699
246	700
247	184
247	203
247	420
247	448
247	538
247	570
247	576
247	596
247	644
247	651
247	660
247	663
247	682
247	686
247	688
247	697
248	360
248	448
248	473
248	485
248	489
248	525
248	538
248	576
248	651
248	663
248	673
248	674
248	682
248	686
248	688
248	697
249	123
249	147
249	228
249	471
249	490
249	507
249	600
249	629
249	636
249	638
249	683
249	684
249	689
249	695
249	696
250	122
250	172
250	205
250	253
250	368
250	557
250	559
250	617
250	621
250	658
250	664
250	665
250	687
250	690
251	81
251	123
251	230
251	302
251	382
251	507
251	600
251	610
251	619
251	629
251	631
251	638
251	689
251	695
251	696
252	131
252	135
252	278
252	388
252	414
252	417
252	465
252	477
252	546
252	575
252	614
252	627
252	639
252	661
252	666
253	151
253	172
253	193
253	276
253	298
253	300
253	368
253	441
253	559
253	620
253	658
253	665
253	687
253	690
254	142
254	197
254	331
254	389
254	392
254	394
254	440
254	463
254	464
254	488
254	503
254	553
254	582
254	587
254	589
255	17
255	22
255	50
255	55
255	63
255	130
255	163
255	334
255	367
255	383
255	422
255	434
255	443
255	552
255	586
256	316
256	389
256	448
256	453
256	473
256	529
256	570
256	651
256	660
256	670
256	673
256	674
256	682
256	686
256	688
256	697
257	85
257	140
257	335
257	378
257	411
257	427
257	455
257	513
257	532
257	538
257	547
257	561
257	585
257	602
257	648
258	79
258	201
258	471
258	490
258	507
258	511
258	523
258	629
258	631
258	638
258	683
258	684
258	689
258	695
258	696
259	94
259	147
259	215
259	461
259	569
259	583
259	601
259	609
259	626
259	635
259	652
259	656
259	659
259	672
259	697
260	159
260	201
260	219
260	229
260	230
260	267
260	470
260	511
260	598
260	629
260	636
260	683
260	684
260	695
260	696
261	80
261	191
261	213
261	273
261	396
261	415
261	506
261	534
261	541
261	552
261	600
261	646
261	682
261	695
262	11
262	124
262	135
262	373
262	414
262	465
262	516
262	531
262	543
262	575
262	614
262	627
262	639
262	666
263	15
263	150
263	198
263	291
263	328
263	349
263	356
263	475
263	518
263	536
263	540
263	578
263	592
263	650
263	686
264	210
264	274
264	298
264	368
264	381
264	424
264	501
264	557
264	617
264	621
264	664
264	665
264	687
264	690
265	13
265	100
265	118
265	181
265	189
265	406
265	417
265	422
265	424
265	434
265	443
265	552
265	586
265	688
266	444
266	522
266	527
266	548
266	555
266	632
266	657
266	669
266	675
266	676
266	678
266	679
266	680
266	693
266	694
266	698
267	28
267	201
267	211
267	260
267	302
267	507
267	511
267	619
267	636
267	638
267	683
267	684
267	689
267	695
267	696
268	205
268	250
268	276
268	298
268	300
268	358
268	501
268	557
268	559
268	621
268	642
268	658
268	665
268	687
268	690
269	32
269	174
269	308
269	340
269	348
269	461
269	510
269	569
269	583
269	601
269	635
269	652
269	656
269	672
270	314
270	319
270	323
270	324
270	450
270	530
270	533
270	554
270	563
270	566
270	567
270	572
270	593
270	685
271	4
271	135
271	262
271	278
271	281
271	301
271	390
271	410
271	414
271	465
271	543
271	546
271	627
271	661
271	666
272	223
272	288
272	296
272	359
272	386
272	396
272	401
272	411
272	446
272	560
272	598
272	611
272	667
272	668
273	8
273	19
273	146
273	382
273	407
273	519
273	551
273	572
273	592
273	597
273	635
273	676
273	679
273	690
274	48
274	141
274	183
274	268
274	276
274	441
274	557
274	617
274	620
274	642
274	658
274	664
274	687
274	690
275	37
275	71
275	74
275	166
275	332
275	404
275	612
275	624
275	655
275	677
275	681
275	685
275	692
275	699
275	700
276	122
276	193
276	381
276	432
276	441
276	501
276	557
276	617
276	621
276	642
276	658
276	664
276	665
276	687
276	690
277	3
277	57
277	69
277	325
277	403
277	483
277	512
277	548
277	562
277	632
277	657
277	669
277	675
277	678
277	679
277	680
277	691
277	693
277	694
277	698
278	124
278	281
278	373
278	414
278	463
278	465
278	508
278	516
278	539
278	543
278	614
278	639
278	653
278	661
278	666
279	39
279	134
279	148
279	175
279	292
279	339
279	418
279	433
279	533
279	542
279	574
279	577
279	590
279	613
279	644
280	84
280	157
280	178
280	200
280	247
280	313
280	353
280	366
280	425
280	458
280	467
280	481
280	534
280	558
281	11
281	119
281	199
281	252
281	284
281	373
281	508
281	531
281	543
281	575
281	614
281	627
281	639
281	661
281	666
282	59
282	102
282	145
282	152
282	153
282	217
282	355
282	366
282	397
282	440
282	442
282	449
282	544
282	611
282	618
283	2
283	98
283	239
283	333
283	369
283	384
283	397
283	404
283	440
283	442
283	454
283	518
283	544
283	581
283	618
284	11
284	187
284	271
284	281
284	380
284	388
284	410
284	531
284	546
284	575
284	614
284	639
284	661
284	666
285	156
285	165
285	220
285	242
285	365
285	394
285	510
285	583
285	601
285	626
285	635
285	652
285	656
285	659
285	672
286	150
286	246
286	263
286	349
286	393
286	475
286	484
286	499
286	518
286	536
286	573
286	578
286	592
286	606
287	185
287	218
287	435
287	466
287	493
287	502
287	594
287	607
287	615
287	637
287	641
287	645
287	662
287	667
287	668
287	671
288	113
288	184
288	256
288	360
288	447
288	453
288	473
288	525
288	596
288	670
288	673
288	674
288	682
288	688
288	697
289	208
289	307
289	318
289	363
289	459
289	500
289	506
289	565
289	603
289	630
289	643
289	646
289	649
289	653
290	166
290	275
290	332
290	357
290	498
290	624
290	648
290	650
290	655
290	677
290	681
290	685
290	692
290	699
290	700
291	21
291	83
291	150
291	282
291	385
291	484
291	499
291	518
291	540
291	573
291	578
291	590
291	592
291	606
291	685
292	112
292	231
292	279
292	341
292	370
292	433
292	526
292	532
292	533
292	542
292	574
292	613
292	627
292	632
293	48
293	92
293	193
293	209
293	264
293	358
293	557
293	620
293	642
293	646
293	664
293	665
293	678
293	687
293	690
294	149
294	217
294	239
294	244
294	329
294	333
294	397
294	449
294	457
294	520
294	556
294	581
294	599
294	611
294	618
295	289
295	329
295	363
295	387
295	459
295	474
295	506
295	509
295	524
295	571
295	630
295	643
295	646
295	649
295	653
296	95
296	164
296	191
296	306
296	343
296	359
296	371
296	396
296	460
296	474
296	485
296	521
296	560
296	652
297	27
297	51
297	55
297	67
297	225
297	280
297	313
297	353
297	425
297	451
297	458
297	467
297	534
297	558
298	48
298	89
298	151
298	227
298	253
298	293
298	424
298	432
298	441
298	559
298	664
298	665
298	687
298	690
299	109
299	259
299	370
299	510
299	583
299	584
299	601
299	609
299	626
299	635
299	652
299	656
299	659
299	672
300	209
300	268
300	274
300	298
300	424
300	441
300	501
300	557
300	617
300	620
300	642
300	658
300	664
300	687
300	690
301	4
301	131
301	146
301	281
301	390
301	508
301	531
301	535
301	539
301	543
301	588
301	614
301	639
301	661
301	666
302	79
302	96
302	201
302	347
302	413
302	490
302	598
302	619
302	629
302	636
302	638
302	684
302	689
302	695
302	696
303	27
303	97
303	167
303	186
303	331
303	345
303	416
303	463
303	495
303	503
303	553
303	582
303	589
303	699
304	85
304	116
304	117
304	232
304	245
304	338
304	344
304	398
304	411
304	513
304	537
304	547
304	561
304	602
305	132
305	325
305	428
305	480
305	522
305	551
305	555
305	562
305	632
305	657
305	676
305	678
305	679
305	680
305	691
305	693
305	698
306	23
306	72
306	75
306	95
306	350
306	354
306	376
306	386
306	396
306	401
306	450
306	460
306	521
306	541
306	560
307	68
307	289
307	318
307	387
307	419
307	479
307	524
307	565
307	571
307	603
307	630
307	643
307	646
307	649
307	653
308	114
308	242
308	259
308	365
308	510
308	568
308	584
308	601
308	626
308	635
308	652
308	656
308	659
308	672
309	10
309	58
309	138
309	173
309	311
309	313
309	384
309	402
309	426
309	429
309	438
309	497
309	515
309	622
309	633
310	168
310	195
310	221
310	322
310	456
310	472
310	477
310	487
310	491
310	514
310	535
310	564
310	616
310	623
310	628
311	87
311	88
311	309
311	351
311	409
311	486
311	491
311	497
311	515
311	580
311	608
311	622
311	633
311	640
311	669
312	120
312	126
312	196
312	207
312	287
312	391
312	405
312	435
312	466
312	625
312	637
312	641
312	645
312	662
312	667
312	668
312	671
313	55
313	67
313	170
313	233
313	280
313	297
313	336
313	353
313	366
313	451
313	458
313	467
313	534
313	558
314	175
314	324
314	342
314	450
314	475
314	492
314	496
314	513
314	530
314	554
314	556
314	563
314	566
314	593
314	695
315	12
315	182
315	480
315	512
315	522
315	632
315	657
315	675
315	676
315	678
315	679
315	680
315	691
315	693
315	694
315	698
316	101
316	389
316	570
316	576
316	596
316	605
316	644
316	651
316	660
316	663
316	670
316	673
316	674
316	686
316	688
316	697
317	6
317	205
317	206
317	224
317	314
317	319
317	370
317	407
317	492
317	554
317	556
317	566
317	567
317	593
317	673
318	149
318	155
318	208
318	289
318	363
318	375
318	431
318	474
318	506
318	524
318	571
318	630
318	643
318	649
318	653
319	86
319	194
319	240
319	270
319	314
319	324
319	530
319	556
319	563
319	566
319	567
319	593
319	618
319	684
320	155
320	318
320	329
320	387
320	459
320	474
320	479
320	506
320	565
320	571
320	603
320	630
320	646
320	649
320	653
321	9
321	176
321	234
321	310
321	456
321	477
321	487
321	514
321	545
321	564
321	579
321	616
321	628
321	634
322	14
322	25
322	127
322	468
322	472
322	486
322	488
322	545
322	558
322	564
322	579
322	595
322	628
322	634
322	647
323	109
323	285
323	330
323	340
323	348
323	365
323	568
323	583
323	584
323	626
323	635
323	652
323	659
323	672
324	110
324	194
324	206
324	231
324	357
324	450
324	530
324	554
324	556
324	563
324	566
324	567
324	593
324	616
324	623
325	403
325	428
325	483
325	512
325	522
325	527
325	555
325	657
325	669
325	675
325	676
325	678
325	679
325	691
325	693
325	694
325	698
326	332
326	408
326	412
326	469
326	532
326	591
326	624
326	648
326	650
326	677
326	681
326	685
326	692
326	699
326	700
327	180
327	243
327	309
327	352
327	384
327	409
327	438
327	445
327	494
327	580
327	595
327	608
327	622
327	633
327	640
328	15
328	204
328	286
328	349
328	356
328	385
328	475
328	484
328	518
328	540
328	578
328	590
328	592
328	606
329	149
329	295
329	375
329	387
329	419
329	430
329	431
329	506
329	509
329	549
329	603
329	630
329	643
329	646
329	653
330	29
330	94
330	223
330	269
330	299
330	365
330	519
330	568
330	583
330	584
330	609
330	626
330	652
330	656
330	659
331	31
331	156
331	189
331	254
331	271
331	372
331	399
331	423
331	463
331	488
331	495
331	505
331	582
331	587
332	24
332	74
332	154
332	275
332	326
332	357
332	408
332	412
332	624
332	655
332	677
332	681
332	685
332	699
332	700
333	59
333	103
333	153
333	217
333	282
333	294
333	361
333	437
333	442
333	484
333	544
333	581
333	611
333	618
333	648
334	13
334	22
334	72
334	100
334	163
334	265
334	377
334	383
334	417
334	422
334	434
334	443
334	586
334	600
335	85
335	232
335	245
335	304
335	344
335	378
335	411
335	439
335	455
335	513
335	537
335	547
335	585
335	602
336	151
336	205
336	210
336	250
336	293
336	424
336	432
336	501
336	559
336	617
336	658
336	665
336	687
336	690
337	70
337	93
337	146
337	161
337	188
337	233
337	238
337	318
337	476
337	481
337	519
337	550
337	572
337	621
338	73
338	85
338	232
338	298
338	304
338	375
338	380
338	439
338	445
338	455
338	572
338	578
338	585
338	602
339	47
339	125
339	144
339	148
339	214
339	292
339	341
339	393
339	536
339	542
339	574
339	577
339	613
339	617
339	693
340	165
340	202
340	213
340	215
340	348
340	376
340	461
340	568
340	569
340	584
340	652
340	656
340	659
340	672
341	39
341	91
341	105
341	175
341	279
341	339
341	395
341	418
341	526
341	533
341	542
341	574
341	577
341	613
342	86
342	110
342	206
342	361
342	399
342	446
342	452
342	496
342	530
342	554
342	556
342	563
342	566
342	593
342	669
343	75
343	121
343	160
343	350
343	354
343	396
343	401
343	415
343	428
343	436
343	460
343	511
343	560
343	679
344	30
344	116
344	158
344	235
344	257
344	378
344	398
344	411
344	455
344	504
344	537
344	547
344	561
344	585
344	602
345	65
345	97
345	156
345	189
345	392
345	416
345	463
345	464
345	503
345	505
345	553
345	582
345	587
345	589
346	99
346	312
346	405
346	493
346	502
346	504
346	594
346	597
346	615
346	637
346	641
346	645
346	654
346	662
346	667
346	668
346	671
347	63
347	229
347	267
347	598
347	600
347	610
347	619
347	629
347	638
347	683
347	684
347	689
347	695
347	696
348	165
348	202
348	220
348	242
348	259
348	285
348	310
348	373
348	568
348	584
348	609
348	626
348	656
348	659
348	672
349	192
349	265
349	286
349	328
349	356
349	499
349	518
349	536
349	573
349	578
349	590
349	592
349	606
349	617
350	43
350	95
350	188
350	261
350	306
350	343
350	348
350	359
350	400
350	446
350	521
350	541
350	560
350	656
351	88
351	138
351	309
351	311
351	327
351	384
351	445
351	491
351	494
351	497
351	542
351	580
351	608
351	640
351	659
352	60
352	203
352	389
352	420
352	454
352	473
352	482
352	570
352	644
352	663
352	670
352	673
352	674
352	686
352	688
352	697
353	39
353	200
353	313
353	451
353	458
353	467
353	534
353	551
353	558
353	576
353	579
353	614
353	628
353	636
354	36
354	72
354	164
354	261
354	296
354	306
354	386
354	396
354	436
354	446
354	521
354	529
354	541
354	560
354	581
355	2
355	47
355	85
355	145
355	152
355	294
355	333
355	361
355	369
355	457
355	520
355	597
355	599
355	611
355	620
356	15
356	117
356	118
356	192
356	286
356	328
356	349
356	499
356	518
356	536
356	540
356	573
356	578
356	585
356	590
357	62
357	71
357	469
357	532
357	591
357	612
357	648
357	650
357	655
357	677
357	681
357	685
357	692
357	699
357	700
358	92
358	141
358	210
358	336
358	432
358	557
358	559
358	620
358	621
358	642
358	658
358	664
358	665
358	687
358	690
359	5
359	43
359	75
359	160
359	261
359	296
359	350
359	354
359	401
359	415
359	446
359	460
359	541
359	560
360	10
360	256
360	448
360	453
360	454
360	473
360	482
360	529
360	538
360	570
360	644
360	651
360	660
360	670
360	673
360	674
360	682
360	688
360	697
361	34
361	59
361	61
361	98
361	283
361	369
361	397
361	442
361	544
361	545
361	581
361	599
361	618
361	639
362	221
362	321
362	427
362	472
362	478
362	487
362	514
362	545
362	564
362	579
362	595
362	628
362	634
362	647
363	155
363	318
363	329
363	431
363	500
363	509
363	549
363	565
363	571
363	603
363	630
363	643
363	646
363	649
363	653
364	28
364	79
364	81
364	147
364	258
364	347
364	382
364	471
364	523
364	631
364	638
364	684
364	689
364	695
364	696
365	215
365	259
365	299
365	323
365	348
365	461
365	569
365	584
365	626
365	635
365	652
365	656
365	659
365	672
366	27
366	51
366	55
366	200
366	297
366	313
366	425
366	447
366	451
366	458
366	467
366	534
366	558
366	626
367	17
367	22
367	50
367	163
367	255
367	265
367	377
367	383
367	434
367	443
367	552
367	560
367	586
367	602
368	48
368	89
368	205
368	209
368	293
368	336
368	557
368	620
368	621
368	658
368	664
368	665
368	687
368	690
369	59
369	98
369	152
369	217
369	257
369	397
369	431
369	437
369	440
369	449
369	500
369	520
369	544
369	608
369	618
370	94
370	223
370	242
370	259
370	299
370	330
370	348
370	461
370	569
370	601
370	635
370	652
370	656
370	659
370	672
371	40
371	57
371	182
371	277
371	512
371	527
371	551
371	632
371	657
371	669
371	675
371	676
371	678
371	679
371	680
371	691
371	693
371	694
371	698
372	20
372	28
372	228
372	470
372	507
372	598
372	610
372	619
372	629
372	636
372	683
372	684
372	689
372	695
372	696
373	4
373	11
373	135
373	262
373	301
373	380
373	516
373	539
373	546
373	588
373	614
373	627
373	639
373	661
373	666
374	190
374	248
374	389
374	420
374	485
374	538
374	570
374	576
374	644
374	651
374	660
374	670
374	673
374	674
374	682
374	686
374	688
374	697
375	68
375	90
375	208
375	320
375	459
375	474
375	500
375	549
375	565
375	603
375	630
375	643
375	646
375	649
375	653
376	213
376	330
376	340
376	461
376	510
376	583
376	584
376	626
376	635
376	640
376	652
376	656
376	659
376	672
376	695
377	13
377	17
377	163
377	255
377	265
377	276
377	277
377	334
377	367
377	426
377	434
377	443
377	552
377	586
377	614
378	235
378	245
378	257
378	304
378	335
378	338
378	398
378	439
378	547
378	561
378	585
378	598
378	602
378	654
379	110
379	194
379	206
379	207
379	270
379	319
379	342
379	450
379	452
379	492
379	556
379	563
379	566
379	567
379	572
380	284
380	301
380	388
380	390
380	410
380	531
380	546
380	575
380	588
380	614
380	627
380	639
380	661
380	666
381	193
381	250
381	264
381	298
381	358
381	441
381	617
381	620
381	628
381	648
381	658
381	664
381	665
381	687
381	690
382	211
382	228
382	249
382	267
382	470
382	490
382	610
382	631
382	636
382	638
382	683
382	684
382	689
382	695
382	696
383	41
383	50
383	100
383	163
383	255
383	265
383	334
383	367
383	377
383	417
383	422
383	434
383	552
383	586
384	133
384	138
384	162
384	309
384	402
384	426
384	429
384	438
384	448
384	491
384	580
384	622
384	633
384	640
385	21
385	198
385	204
385	286
385	291
385	349
385	475
385	518
385	536
385	540
385	573
385	578
385	590
385	606
386	72
386	75
386	95
386	131
386	261
386	306
386	354
386	359
386	396
386	479
386	541
386	567
386	584
386	683
387	68
387	208
387	329
387	431
387	474
387	509
387	524
387	549
387	565
387	571
387	603
387	643
387	646
387	649
387	653
388	124
388	199
388	237
388	271
388	373
388	410
388	465
388	575
388	588
388	593
388	614
388	627
388	639
388	661
388	666
389	33
389	60
389	66
389	288
389	453
389	485
389	525
389	529
389	538
389	576
389	605
389	644
389	651
389	660
389	663
389	670
389	674
389	682
389	686
389	688
389	697
390	284
390	373
390	380
390	397
390	508
390	516
390	531
390	539
390	546
390	569
390	588
390	614
390	627
390	661
390	666
391	207
391	222
391	287
391	346
391	405
391	462
391	493
391	607
391	615
391	625
391	637
391	641
391	654
391	662
391	667
391	668
391	671
392	31
392	189
392	254
392	331
392	372
392	399
392	463
392	464
392	488
392	503
392	505
392	582
392	587
392	599
393	14
393	127
393	176
393	468
393	472
393	478
393	486
393	535
393	545
393	616
393	623
393	628
393	634
393	647
394	40
394	171
394	254
394	303
394	423
394	463
394	503
394	505
394	554
394	582
394	587
394	589
394	686
394	689
395	144
395	214
395	279
395	339
395	359
395	408
395	418
395	433
395	520
395	526
395	533
395	574
395	577
395	613
395	644
396	36
396	38
396	45
396	95
396	110
396	160
396	350
396	386
396	415
396	460
396	502
396	541
396	560
396	571
397	59
397	98
397	217
397	282
397	333
397	437
397	440
397	442
397	451
397	520
397	581
397	599
397	611
397	618
397	698
398	116
398	335
398	338
398	344
398	349
398	439
398	508
398	513
398	537
398	547
398	561
398	585
398	602
398	660
398	692
399	189
399	195
399	197
399	242
399	254
399	415
399	416
399	495
399	503
399	582
399	587
399	589
399	635
399	698
400	14
400	168
400	176
400	321
400	322
400	362
400	468
400	478
400	514
400	564
400	595
400	628
400	634
400	647
401	160
401	272
401	296
401	350
401	415
401	436
401	460
401	473
401	521
401	523
401	541
401	560
401	587
401	595
402	87
402	108
402	121
402	241
402	327
402	429
402	445
402	494
402	515
402	580
402	608
402	622
402	633
402	640
403	26
403	57
403	277
403	305
403	315
403	371
403	421
403	444
403	551
403	632
403	657
403	669
403	675
403	676
403	679
403	680
403	693
403	694
403	698
404	24
404	52
404	53
404	154
404	275
404	290
404	412
404	591
404	604
404	650
404	655
404	681
404	685
404	699
404	700
405	99
405	106
405	207
405	391
405	462
405	597
405	607
405	615
405	625
405	637
405	641
405	645
405	654
405	662
405	667
405	668
405	671
406	100
406	181
406	215
406	334
406	377
406	383
406	417
406	422
406	434
406	443
406	499
406	552
406	567
406	586
406	665
407	19
407	35
407	65
407	93
407	111
407	381
407	460
407	476
407	481
407	519
407	550
407	572
407	631
407	663
408	154
408	166
408	237
408	357
408	412
408	591
408	648
408	650
408	655
408	677
408	681
408	685
408	692
408	699
408	700
409	19
409	311
409	402
409	422
409	426
409	438
409	491
409	494
409	515
409	573
409	605
409	608
409	622
409	633
409	640
410	131
410	284
410	373
410	465
410	508
410	531
410	539
410	543
410	588
410	614
410	627
410	639
410	661
410	666
411	16
411	116
411	304
411	335
411	344
411	389
411	390
411	537
411	547
411	585
411	602
411	652
411	684
411	689
412	37
412	136
412	154
412	290
412	408
412	498
412	532
412	604
412	612
412	655
412	681
412	685
412	692
412	699
412	700
413	228
413	230
413	267
413	347
413	364
413	372
413	507
413	511
413	619
413	636
413	638
413	684
413	689
413	695
413	696
414	101
414	119
414	131
414	152
414	187
414	262
414	281
414	465
414	508
414	543
414	546
414	588
414	614
414	639
414	666
415	5
415	38
415	160
415	261
415	306
415	343
415	354
415	361
415	401
415	440
415	460
415	521
415	541
415	560
416	31
416	65
416	167
416	254
416	337
416	392
416	423
416	495
416	503
416	505
416	535
416	582
416	589
416	613
416	640
417	41
417	130
417	181
417	255
417	367
417	377
417	383
417	406
417	433
417	434
417	515
417	516
417	586
417	689
418	91
418	125
418	148
418	175
418	279
418	340
418	341
418	395
418	433
418	533
418	574
418	577
418	613
418	691
419	375
419	430
419	431
419	459
419	474
419	500
419	506
419	509
419	524
419	565
419	571
419	630
419	646
419	649
419	653
420	60
420	184
420	248
420	374
420	447
420	473
420	485
420	489
420	538
420	644
420	651
420	660
420	663
420	670
420	673
420	682
420	686
420	688
420	697
421	46
421	226
421	371
421	403
421	428
421	480
421	527
421	548
421	632
421	669
421	675
421	676
421	679
421	691
421	693
421	694
421	698
422	9
422	22
422	130
422	255
422	265
422	406
422	417
422	434
422	443
422	526
422	552
422	586
422	675
422	692
423	31
423	186
423	345
423	392
423	416
423	463
423	485
423	488
423	495
423	503
423	553
423	582
423	587
423	649
424	122
424	128
424	274
424	276
424	293
424	358
424	441
424	617
424	620
424	642
424	658
424	664
424	665
424	687
424	690
425	27
425	51
425	200
425	225
425	297
425	309
425	451
425	458
425	467
425	534
425	558
425	615
425	632
425	654
426	173
426	236
426	241
426	384
426	402
426	438
426	445
426	491
426	515
426	565
426	580
426	608
426	622
426	633
426	640
427	14
427	310
427	321
427	468
427	472
427	478
427	528
427	545
427	595
427	616
427	623
427	628
427	634
427	647
428	3
428	44
428	179
428	182
428	216
428	483
428	512
428	551
428	555
428	657
428	675
428	676
428	678
428	679
428	691
428	694
428	698
429	108
429	235
429	309
429	311
429	384
429	402
429	409
429	438
429	445
429	487
429	491
429	493
429	515
429	621
429	633
430	149
430	289
430	295
430	375
430	419
430	431
430	459
430	479
430	500
430	506
430	630
430	643
430	646
430	649
430	653
431	329
431	375
431	419
431	430
431	474
431	500
431	509
431	524
431	549
431	571
431	630
431	643
431	646
431	649
431	653
432	183
432	193
432	336
432	368
432	477
432	553
432	557
432	559
432	617
432	620
432	621
432	642
432	658
432	665
432	690
433	47
433	64
433	112
433	125
433	134
433	144
433	231
433	339
433	341
433	364
433	472
433	526
433	533
433	577
433	613
434	22
434	54
434	161
434	163
434	181
434	338
434	357
434	504
434	514
434	534
434	537
434	552
434	586
434	634
435	106
435	185
435	287
435	346
435	405
435	493
435	594
435	597
435	607
435	625
435	637
435	641
435	645
435	654
435	662
435	667
435	668
435	671
436	23
436	43
436	191
436	296
436	343
436	359
436	396
436	415
436	446
436	492
436	521
436	541
436	560
436	605
437	34
437	61
437	145
437	153
437	217
437	283
437	294
437	442
437	520
437	544
437	589
437	611
437	618
437	631
438	133
438	180
438	243
438	351
438	384
438	429
438	445
438	478
438	515
438	537
438	580
438	622
438	633
438	640
439	16
439	140
439	235
439	257
439	260
439	304
439	338
439	344
439	410
439	513
439	537
439	548
439	585
439	636
440	2
440	34
440	103
440	153
440	282
440	283
440	334
440	437
440	457
440	544
440	581
440	611
440	618
440	626
441	172
441	205
441	253
441	264
441	293
441	424
441	501
441	617
441	621
441	658
441	664
441	665
441	687
441	690
442	34
442	103
442	239
442	282
442	361
442	437
442	449
442	467
442	469
442	520
442	544
442	581
442	599
442	618
443	50
443	70
443	168
443	197
443	221
443	253
443	334
443	367
443	406
443	417
443	434
443	552
443	609
443	624
444	26
444	179
444	216
444	266
444	403
444	428
444	522
444	551
444	632
444	669
444	675
444	676
444	679
444	680
444	691
444	693
444	694
444	698
445	93
445	241
445	243
445	327
445	353
445	362
445	409
445	426
445	429
445	498
445	580
445	608
445	622
445	633
445	640
446	75
446	164
446	272
446	306
446	350
446	354
446	359
446	396
446	436
446	437
446	541
446	596
446	644
446	668
447	352
447	448
447	454
447	485
447	529
447	570
447	576
447	605
447	644
447	651
447	663
447	673
447	674
447	682
447	686
447	688
447	697
448	113
448	248
448	316
448	360
448	447
448	454
448	525
448	570
448	576
448	651
448	663
448	670
448	673
448	674
448	682
448	686
448	688
448	697
449	145
449	239
449	333
449	369
449	374
449	440
449	457
449	517
449	520
449	581
449	591
449	599
449	611
449	618
449	687
450	77
450	86
450	240
450	314
450	319
450	342
450	452
450	492
450	496
450	554
450	563
450	566
450	567
450	593
451	29
451	67
451	86
451	141
451	170
451	178
451	313
451	353
451	425
451	458
451	519
451	534
451	647
451	652
452	6
452	110
452	224
452	317
452	319
452	342
452	465
452	472
452	492
452	496
452	530
452	556
452	563
452	567
452	593
453	66
453	352
453	447
453	448
453	529
453	538
453	570
453	596
453	605
453	660
453	663
453	670
453	673
453	674
453	682
453	686
453	688
453	697
454	104
454	190
454	256
454	360
454	420
454	447
454	453
454	538
454	570
454	644
454	651
454	663
454	670
454	673
454	682
454	686
454	688
454	697
455	30
455	73
455	117
455	139
455	232
455	257
455	398
455	486
455	513
455	537
455	547
455	561
455	602
455	642
456	1
456	236
456	322
456	393
456	427
456	478
456	514
456	535
456	564
456	595
456	616
456	623
456	628
456	647
457	34
457	43
457	107
457	282
457	333
457	355
457	361
457	397
457	432
457	437
457	581
457	599
457	611
457	618
458	18
458	51
458	55
458	170
458	225
458	280
458	297
458	313
458	353
458	437
458	467
458	534
458	541
458	558
458	561
459	149
459	307
459	320
459	375
459	431
459	474
459	500
459	524
459	549
459	603
459	630
459	643
459	646
459	649
459	653
460	5
460	36
460	38
460	43
460	191
460	224
460	251
460	272
460	359
460	368
460	436
460	543
460	604
460	633
461	7
461	165
461	174
461	213
461	220
461	299
461	376
461	510
461	569
461	583
461	584
461	609
461	635
461	656
461	672
462	106
462	466
462	493
462	504
462	594
462	597
462	615
462	625
462	637
462	641
462	645
462	654
462	662
462	667
462	668
462	671
463	65
463	82
463	97
463	156
463	186
463	254
463	285
463	303
463	399
463	464
463	495
463	582
463	587
463	589
464	114
464	167
464	186
464	189
464	303
464	331
464	345
464	394
464	463
464	488
464	553
464	575
464	582
464	589
465	131
465	135
465	271
465	278
465	281
465	301
465	410
465	539
465	575
465	588
465	614
465	639
465	661
465	666
466	99
466	106
466	218
466	222
466	493
466	502
466	594
466	615
466	625
466	637
466	641
466	645
466	654
466	662
466	667
466	668
466	671
467	27
467	170
467	178
467	280
467	303
467	353
467	366
467	425
467	451
467	523
467	534
467	558
467	585
467	657
468	25
468	176
468	362
468	396
468	486
468	514
468	535
468	545
468	579
468	616
468	623
468	628
468	634
468	647
468	662
469	53
469	56
469	275
469	591
469	604
469	612
469	624
469	648
469	650
469	655
469	681
469	685
469	692
469	699
469	700
470	102
470	251
470	260
470	302
470	364
470	372
470	490
470	598
470	629
470	636
470	638
470	683
470	684
470	689
470	695
471	123
471	219
471	249
471	258
471	347
471	382
471	490
471	523
471	600
471	629
471	631
471	636
471	683
471	684
471	689
472	9
472	25
472	168
472	236
472	305
472	321
472	400
472	468
472	477
472	487
472	563
472	579
472	623
472	634
472	647
473	60
473	101
473	352
473	360
473	485
473	525
473	529
473	605
473	644
473	651
473	663
473	673
473	674
473	686
473	688
473	697
474	295
474	307
474	320
474	375
474	430
474	479
474	500
474	565
474	571
474	603
474	630
474	643
474	646
474	649
474	653
475	204
475	291
475	328
475	344
475	349
475	484
475	495
475	499
475	518
475	536
475	573
475	590
475	592
475	606
476	35
476	219
476	233
476	238
476	273
476	337
476	388
476	407
476	481
476	517
476	550
476	572
476	640
476	680
477	25
477	310
477	456
477	472
477	487
477	521
477	535
477	564
477	579
477	595
477	623
477	628
477	634
477	647
477	692
478	127
478	234
478	321
478	362
478	456
478	486
478	528
478	545
478	579
478	595
478	623
478	628
478	634
478	647
479	155
479	289
479	307
479	387
479	430
479	459
479	500
479	549
479	565
479	571
479	603
479	643
479	646
479	649
479	653
480	132
480	277
480	305
480	512
480	522
480	548
480	551
480	632
480	657
480	669
480	675
480	676
480	678
480	679
480	680
480	691
480	693
480	694
480	698
481	19
481	93
481	145
481	146
481	161
481	337
481	476
481	482
481	483
481	517
481	519
481	531
481	550
481	572
482	10
482	190
482	247
482	288
482	360
482	374
482	420
482	485
482	570
482	644
482	660
482	663
482	673
482	674
482	686
482	697
483	3
483	69
483	266
483	315
483	555
483	632
483	657
483	669
483	675
483	676
483	678
483	680
483	691
483	693
483	694
483	698
484	83
484	118
484	263
484	475
484	497
484	499
484	518
484	536
484	573
484	582
484	590
484	592
484	606
484	649
484	696
485	10
485	113
485	184
485	288
485	360
485	447
485	529
485	538
485	576
485	596
485	605
485	660
485	673
485	674
485	682
485	686
485	697
486	310
486	393
486	456
486	468
486	477
486	478
486	487
486	514
486	528
486	535
486	616
486	623
486	628
486	634
487	1
487	234
487	362
487	393
487	400
487	456
487	477
487	528
487	545
487	579
487	595
487	616
487	623
487	634
487	647
488	97
488	156
488	167
488	303
488	331
488	345
488	399
488	463
488	464
488	492
488	495
488	503
488	587
488	697
489	104
489	316
489	352
489	389
489	485
489	525
489	576
489	605
489	644
489	651
489	660
489	670
489	673
489	674
489	682
489	686
489	688
489	697
490	63
490	81
490	129
490	177
490	211
490	229
490	251
490	598
490	631
490	638
490	683
490	684
490	689
490	695
490	696
491	49
491	115
491	123
491	309
491	311
491	351
491	402
491	494
491	497
491	515
491	580
491	608
491	622
491	633
491	640
492	6
492	53
492	206
492	270
492	314
492	317
492	342
492	379
492	452
492	496
492	505
492	554
492	563
492	567
493	196
493	312
493	346
493	462
493	597
493	607
493	615
493	625
493	637
493	641
493	645
493	654
493	662
493	667
493	668
493	671
494	49
494	87
494	121
494	243
494	327
494	360
494	402
494	409
494	438
494	497
494	580
494	622
494	633
494	640
494	645
495	142
495	254
495	295
495	303
495	392
495	394
495	416
495	423
495	436
495	464
495	488
495	553
495	582
495	587
495	589
496	6
496	206
496	314
496	324
496	342
496	379
496	397
496	492
496	556
496	563
496	566
496	567
496	593
496	641
497	58
497	108
497	129
497	138
497	327
497	402
497	409
497	425
497	429
497	438
497	491
497	494
497	515
497	608
497	640
498	42
498	71
498	290
498	412
498	532
498	591
498	604
498	612
498	624
498	650
498	655
498	677
498	681
498	692
498	700
499	21
499	150
499	192
499	263
499	291
499	349
499	356
499	536
499	540
499	573
499	578
499	592
499	595
499	606
499	691
500	155
500	208
500	318
500	363
500	479
500	506
500	524
500	565
500	571
500	603
500	630
500	643
500	646
500	649
500	653
501	183
501	227
501	274
501	284
501	304
501	358
501	557
501	559
501	621
501	642
501	658
501	664
501	665
501	687
501	690
502	162
502	207
502	244
502	435
502	493
502	504
502	597
502	607
502	625
502	637
502	641
502	645
502	654
502	662
502	668
502	671
503	33
503	97
503	142
503	195
503	197
503	303
503	331
503	345
503	438
503	464
503	488
503	553
503	587
503	673
503	690
504	120
504	218
504	312
504	346
504	391
504	466
504	502
504	594
504	607
504	625
504	641
504	645
504	654
504	662
504	667
504	668
504	671
505	142
505	297
505	345
505	392
505	399
505	416
505	423
505	464
505	503
505	553
505	582
505	587
505	589
505	696
506	90
506	307
506	375
506	419
506	430
506	459
506	474
506	479
506	500
506	549
506	603
506	643
506	646
506	649
506	653
507	102
507	159
507	347
507	372
507	413
507	511
507	598
507	619
507	631
507	636
507	683
507	684
507	695
507	696
508	187
508	199
508	380
508	390
508	516
508	531
508	539
508	546
508	588
508	614
508	627
508	639
508	661
508	666
509	295
509	318
509	320
509	419
509	430
509	431
509	474
509	500
509	524
509	571
509	630
509	643
509	646
509	649
509	653
510	7
510	109
510	242
510	340
510	365
510	370
510	568
510	583
510	584
510	601
510	626
510	635
510	656
510	659
510	672
511	18
511	147
511	201
511	229
511	260
511	382
511	413
511	470
511	523
511	600
511	619
511	629
511	638
511	689
511	696
512	12
512	216
512	421
512	428
512	483
512	522
512	548
512	632
512	657
512	675
512	676
512	678
512	691
512	693
512	694
512	698
513	117
513	159
513	181
513	304
513	344
513	350
513	398
513	411
513	455
513	537
513	547
513	561
513	585
513	602
513	697
514	1
514	14
514	168
514	310
514	322
514	456
514	472
514	486
514	487
514	535
514	545
514	623
514	628
514	634
515	87
515	89
515	133
515	172
515	327
515	413
515	445
515	491
515	494
515	497
515	522
515	608
515	622
515	633
515	640
516	4
516	119
516	187
516	281
516	388
516	390
516	508
516	531
516	539
516	575
516	614
516	639
516	661
516	666
517	8
517	81
517	188
517	233
517	325
517	337
517	407
517	421
517	476
517	519
517	524
517	550
517	572
517	688
518	21
518	192
518	204
518	263
518	286
518	291
518	306
518	328
518	484
518	499
518	536
518	578
518	592
518	606
518	698
519	35
519	146
519	161
519	273
519	341
519	350
519	407
519	481
519	510
519	517
519	550
519	572
519	676
519	695
520	107
520	152
520	153
520	355
520	437
520	440
520	442
520	449
520	543
520	581
520	599
520	611
520	616
520	643
520	688
521	5
521	36
521	72
521	95
521	164
521	165
521	261
521	296
521	386
521	401
521	403
521	446
521	460
521	541
521	560
522	12
522	137
522	157
522	480
522	527
522	555
522	562
522	632
522	657
522	669
522	676
522	678
522	680
522	691
522	693
522	694
522	698
523	219
523	251
523	258
523	364
523	372
523	471
523	507
523	600
523	610
523	629
523	631
523	636
523	683
523	689
523	695
524	90
524	329
524	387
524	419
524	430
524	500
524	506
524	509
524	549
524	603
524	630
524	643
524	646
524	649
524	653
525	10
525	33
525	184
525	203
525	248
525	316
525	420
525	485
525	489
525	570
525	576
525	644
525	660
525	663
525	670
525	674
525	682
525	686
525	688
525	697
526	39
526	64
526	105
526	125
526	143
526	144
526	231
526	292
526	341
526	483
526	533
526	574
526	577
526	613
527	226
527	315
527	371
527	428
527	551
527	555
527	562
527	657
527	669
527	675
527	676
527	678
527	680
527	691
527	693
527	694
527	698
528	9
528	25
528	234
528	417
528	427
528	472
528	477
528	487
528	501
528	545
528	595
528	616
528	623
528	634
528	647
529	10
529	248
529	288
529	447
529	482
529	489
529	570
529	596
529	605
529	644
529	651
529	660
529	670
529	673
529	674
529	682
529	686
529	688
529	697
530	6
530	110
530	139
530	224
530	240
530	270
530	314
530	319
530	450
530	452
530	492
530	496
530	566
530	593
530	697
531	4
531	262
531	278
531	465
531	508
531	516
531	539
531	543
531	575
531	588
531	614
531	627
531	661
531	666
532	42
532	52
532	115
532	171
532	412
532	498
532	612
532	624
532	655
532	677
532	681
532	685
532	692
532	699
532	700
533	92
533	112
533	133
533	144
533	214
533	261
533	292
533	433
533	467
533	526
533	542
533	622
533	668
533	689
534	4
534	29
534	170
534	178
534	200
534	225
534	229
534	297
534	425
534	436
534	458
534	510
534	558
534	641
535	143
535	176
535	322
535	362
535	393
535	400
535	477
535	478
535	514
535	545
535	616
535	623
535	628
535	647
536	198
536	263
536	385
536	475
536	484
536	499
536	540
536	573
536	578
536	590
536	592
536	604
536	606
536	624
537	16
537	85
537	191
537	234
537	245
537	335
537	344
537	411
537	439
537	455
537	547
537	549
537	561
537	574
537	602
538	104
538	184
538	247
538	454
538	482
538	525
538	529
538	605
538	644
538	651
538	663
538	670
538	674
538	686
538	688
538	697
539	271
539	281
539	284
539	380
539	388
539	390
539	414
539	508
539	531
539	546
539	575
539	639
539	661
539	666
540	21
540	150
540	192
540	291
540	328
540	385
540	475
540	484
540	536
540	574
540	578
540	590
540	592
540	606
540	650
541	23
541	266
541	272
541	386
541	401
541	415
541	436
541	446
541	460
541	521
541	560
541	571
541	675
541	687
542	47
542	105
542	112
542	125
542	231
542	339
542	381
542	395
542	418
542	533
542	574
542	577
542	613
542	674
543	271
543	380
543	388
543	410
543	465
543	516
543	531
543	539
543	588
543	614
543	627
543	639
543	661
543	666
544	103
544	145
544	152
544	283
544	294
544	307
544	333
544	361
544	437
544	449
544	457
544	511
544	599
544	611
545	234
545	310
545	393
545	427
545	477
545	528
545	535
545	579
545	603
545	616
545	623
545	628
545	634
545	647
545	656
546	4
546	262
546	388
546	390
546	410
546	414
546	508
546	516
546	531
546	588
546	627
546	639
546	661
546	666
547	30
547	140
547	194
547	235
547	245
547	263
547	335
547	338
547	344
547	378
547	411
547	439
547	537
547	585
547	602
548	69
548	137
548	226
548	403
548	512
548	551
548	632
548	669
548	675
548	676
548	678
548	679
548	680
548	691
548	693
548	694
548	698
549	149
549	208
549	320
549	363
549	430
549	459
549	474
549	524
549	565
549	603
549	630
549	643
549	646
549	649
549	653
550	273
550	275
550	367
550	445
550	457
550	476
550	481
550	484
550	508
550	517
550	519
550	520
550	572
550	650
551	3
551	132
551	266
551	315
551	403
551	421
551	483
551	632
551	669
551	675
551	679
551	691
551	693
551	694
551	698
552	17
552	41
552	83
552	163
552	334
552	367
552	377
552	406
552	417
552	433
552	434
552	443
552	569
552	586
552	645
553	8
553	91
553	97
553	186
553	254
553	416
553	495
553	578
553	582
553	587
553	589
553	601
553	633
553	653
554	77
554	206
554	240
554	379
554	387
554	450
554	492
554	556
554	563
554	566
554	567
554	593
554	647
554	657
554	686
555	325
555	421
555	444
555	527
555	548
555	562
555	657
555	669
555	675
555	678
555	679
555	680
555	691
555	693
555	694
555	698
556	77
556	194
556	224
556	240
556	278
556	317
556	319
556	324
556	342
556	384
556	450
556	452
556	554
556	567
556	593
557	128
557	151
557	172
557	227
557	368
557	381
557	501
557	617
557	642
557	658
557	664
557	665
557	687
557	690
558	27
558	29
558	67
558	170
558	190
558	297
558	366
558	425
558	451
558	467
558	534
558	575
558	645
558	682
559	210
559	253
559	264
559	371
559	432
559	455
559	557
559	620
559	621
559	642
559	658
559	664
559	665
559	687
559	690
560	5
560	36
560	38
560	44
560	160
560	191
560	306
560	343
560	350
560	359
560	401
560	446
560	460
560	521
560	680
561	30
561	116
561	139
561	235
561	304
561	324
561	398
561	439
561	455
561	490
561	513
561	547
561	602
561	662
561	698
562	12
562	26
562	40
562	325
562	371
562	480
562	483
562	548
562	555
562	669
562	675
562	678
562	680
562	691
562	693
562	694
562	698
563	194
563	224
563	240
563	258
563	317
563	324
563	342
563	452
563	456
563	492
563	530
563	554
563	556
563	566
563	593
564	143
564	168
564	236
564	322
564	400
564	456
564	486
564	514
564	579
564	595
564	616
564	623
564	628
564	647
565	149
565	289
565	307
565	318
565	363
565	479
565	500
565	509
565	524
565	549
565	630
565	643
565	646
565	649
565	653
566	77
566	86
566	110
566	224
566	240
566	270
566	317
566	450
566	496
566	530
566	554
566	556
566	563
566	567
567	77
567	240
567	314
567	317
567	319
567	324
567	379
567	438
567	453
567	496
567	554
567	556
567	566
567	593
568	7
568	114
568	285
568	323
568	365
568	376
568	461
568	583
568	609
568	626
568	635
568	652
568	656
568	659
568	672
569	76
569	114
569	213
569	285
569	308
569	348
569	394
569	510
569	601
569	609
569	625
569	626
569	635
569	656
569	672
570	66
570	316
570	352
570	374
570	420
570	473
570	482
570	538
570	605
570	644
570	660
570	663
570	670
570	673
570	674
570	682
570	697
571	68
571	208
571	295
571	307
571	363
571	387
571	431
571	479
571	509
571	524
571	549
571	630
571	643
571	649
571	653
572	19
572	84
572	111
572	146
572	233
572	238
572	250
572	273
572	377
572	407
572	517
572	519
572	525
572	550
572	634
573	15
573	118
573	150
573	198
573	291
573	328
573	349
573	484
573	499
573	518
573	578
573	590
573	592
573	606
574	47
574	64
574	148
574	175
574	231
574	339
574	385
574	395
574	405
574	418
574	433
574	533
574	542
574	613
575	119
575	124
575	187
575	262
575	380
575	388
575	414
575	516
575	531
575	539
575	546
575	627
575	639
575	661
575	666
576	33
576	203
576	247
576	288
576	389
576	453
576	485
576	529
576	596
576	651
576	660
576	663
576	673
576	674
576	682
576	686
576	688
576	697
577	39
577	67
577	148
577	292
577	395
577	418
577	526
577	542
577	613
577	627
577	631
577	642
577	660
577	696
578	83
578	184
578	204
578	248
578	356
578	385
578	499
578	518
578	540
578	573
578	590
578	592
578	602
578	637
579	127
579	143
579	236
579	310
579	321
579	427
579	456
579	486
579	487
579	514
579	528
579	616
579	623
579	647
580	58
580	108
580	138
580	180
580	309
580	384
580	402
580	409
580	445
580	491
580	608
580	622
580	633
580	640
581	59
581	61
581	98
581	103
581	336
581	397
581	471
581	509
581	544
581	583
581	599
581	618
581	621
581	651
582	142
582	156
582	195
582	197
582	243
582	331
582	345
582	423
582	443
582	488
582	505
582	545
582	553
582	589
582	664
583	299
583	348
583	365
583	370
583	376
583	568
583	569
583	584
583	609
583	626
583	635
583	652
583	656
583	659
583	672
584	174
584	213
584	242
584	259
584	327
584	340
584	365
584	409
584	461
584	601
584	609
584	635
584	656
584	659
584	672
585	16
585	73
585	117
585	148
585	199
585	338
585	344
585	378
585	411
585	439
585	470
585	522
585	561
585	602
586	13
586	17
586	50
586	107
586	181
586	265
586	334
586	367
586	377
586	383
586	400
586	422
586	439
586	552
586	620
587	32
587	156
587	189
587	195
587	392
587	394
587	416
587	423
587	464
587	495
587	505
587	539
587	553
587	582
587	589
588	192
588	199
588	262
588	271
588	358
588	388
588	516
588	531
588	539
588	543
588	575
588	627
588	639
588	661
588	666
589	31
589	65
589	142
589	195
589	197
589	303
589	345
589	394
589	416
589	495
589	503
589	505
589	553
589	587
590	21
590	118
590	192
590	263
590	286
590	385
590	518
590	536
590	540
590	573
590	592
590	603
590	606
590	675
591	52
591	56
591	136
591	237
591	326
591	469
591	498
591	532
591	612
591	624
591	648
591	677
591	681
591	699
591	700
592	15
592	118
592	134
592	349
592	356
592	385
592	475
592	484
592	496
592	499
592	540
592	573
592	590
592	606
593	86
593	110
593	317
593	319
593	324
593	379
593	459
593	492
593	496
593	525
593	530
593	554
593	563
593	566
594	162
594	185
594	287
594	346
594	462
594	466
594	502
594	504
594	615
594	637
594	641
594	654
594	667
594	668
594	671
595	234
595	310
595	393
595	478
595	486
595	487
595	514
595	528
595	564
595	616
595	623
595	634
595	647
595	659
595	694
596	10
596	113
596	247
596	374
596	420
596	525
596	529
596	605
596	651
596	660
596	663
596	670
596	674
596	682
596	688
596	697
597	120
597	218
597	287
597	435
597	502
597	607
597	615
597	625
597	637
597	645
597	654
597	662
597	667
597	668
597	671
598	28
598	79
598	251
598	267
598	470
598	600
598	610
598	636
598	638
598	683
598	684
598	689
598	695
598	696
599	61
599	217
599	283
599	315
599	397
599	440
599	442
599	457
599	520
599	544
599	581
599	611
599	618
599	683
600	28
600	96
600	123
600	260
600	364
600	382
600	471
600	610
600	619
600	629
600	631
600	638
600	683
600	695
600	696
601	7
601	109
601	182
601	285
601	299
601	308
601	376
601	461
601	569
601	584
601	609
601	626
601	652
601	659
601	671
602	6
602	117
602	140
602	218
602	232
602	235
602	245
602	338
602	398
602	418
602	455
602	561
602	585
602	651
603	90
603	208
603	295
603	318
603	320
603	329
603	431
603	459
603	474
603	549
603	630
603	643
603	646
603	649
603	653
604	24
604	37
604	42
604	62
604	74
604	237
604	246
604	624
604	648
604	650
604	655
604	685
604	692
604	699
604	700
605	374
605	389
605	454
605	482
605	529
605	570
605	596
605	644
605	660
605	670
605	673
605	682
605	686
605	688
605	697
606	198
606	279
606	286
606	342
606	356
606	385
606	475
606	518
606	536
606	540
606	573
606	578
606	590
606	592
607	120
607	312
607	462
607	493
607	502
607	504
607	594
607	615
607	625
607	641
607	645
607	654
607	667
607	668
607	671
608	49
608	121
608	138
608	173
608	309
608	311
608	327
608	351
608	445
608	497
608	515
608	580
608	633
608	656
608	666
609	215
609	220
609	242
609	269
609	308
609	330
609	569
609	583
609	584
609	601
609	635
609	652
609	656
609	672
610	63
610	129
610	228
610	267
610	302
610	382
610	413
610	470
610	507
610	600
610	629
610	638
610	684
610	689
610	695
611	2
611	34
611	59
611	153
611	274
611	294
611	369
611	440
611	442
611	544
611	555
611	581
611	618
611	633
611	638
612	62
612	169
612	237
612	275
612	498
612	624
612	648
612	650
612	655
612	677
612	681
612	685
612	692
612	699
612	700
613	39
613	73
613	91
613	105
613	112
613	125
613	231
613	292
613	339
613	341
613	521
613	542
613	556
613	574
613	618
614	124
614	135
614	252
614	380
614	414
614	465
614	508
614	516
614	543
614	546
614	627
614	639
614	661
614	666
615	185
615	218
615	222
615	312
615	405
615	493
615	504
615	594
615	597
615	607
615	625
615	641
615	645
615	654
615	662
615	667
615	668
615	671
616	14
616	143
616	400
616	472
616	487
616	528
616	535
616	545
616	564
616	579
616	595
616	623
616	634
616	647
617	205
617	264
617	268
617	274
617	298
617	336
617	432
617	501
617	557
617	620
617	642
617	658
617	664
617	687
617	690
618	2
618	282
618	294
618	355
618	397
618	449
618	457
618	544
618	581
618	611
618	657
618	680
618	683
618	700
619	79
619	96
619	102
619	129
619	249
619	347
619	413
619	507
619	523
619	636
619	638
619	684
619	689
619	695
619	696
620	122
620	128
620	264
620	276
620	368
620	381
620	424
620	557
620	559
620	617
620	642
620	664
620	665
620	687
620	690
621	89
621	128
621	209
621	210
621	293
621	336
621	381
621	501
621	617
621	620
621	642
621	658
621	687
621	690
622	88
622	133
622	138
622	174
622	311
622	330
622	351
622	426
622	438
622	497
622	514
622	580
622	633
622	640
622	691
623	143
623	168
623	236
623	310
623	362
623	393
623	400
623	468
623	486
623	528
623	535
623	595
623	634
623	647
624	332
624	357
624	469
624	498
624	591
624	612
624	648
624	650
624	655
624	677
624	681
624	685
624	692
624	699
624	700
625	126
625	185
625	346
625	391
625	435
625	462
625	594
625	597
625	607
625	615
625	637
625	641
625	645
625	654
625	662
625	668
625	671
626	7
626	109
626	140
626	220
626	269
626	330
626	370
626	376
626	568
626	569
626	584
626	635
626	656
626	659
626	694
627	120
627	252
627	271
627	284
627	380
627	462
627	508
627	531
627	543
627	546
627	588
627	614
627	639
627	661
627	666
628	127
628	176
628	221
628	236
628	321
628	362
628	400
628	427
628	514
628	545
628	579
628	616
628	634
628	647
629	20
629	211
629	228
629	471
629	511
629	523
629	598
629	600
629	610
629	638
629	683
629	684
629	689
629	695
629	696
630	90
630	329
630	387
630	419
630	479
630	506
630	509
630	524
630	549
630	565
630	603
630	643
630	646
630	649
630	653
631	18
631	81
631	258
631	260
631	364
631	413
631	490
631	598
631	600
631	610
631	683
631	684
631	689
631	695
631	696
632	40
632	266
632	371
632	421
632	522
632	548
632	555
632	562
632	669
632	675
632	676
632	678
632	679
632	680
632	691
632	693
632	694
632	698
633	49
633	76
633	88
633	241
633	243
633	351
633	402
633	429
633	491
633	494
633	580
633	608
633	622
633	640
633	684
634	127
634	321
634	393
634	400
634	427
634	468
634	472
634	477
634	478
634	564
634	579
634	623
634	628
634	647
635	7
635	76
635	94
635	202
635	213
635	215
635	223
635	370
635	510
635	569
635	583
635	626
635	656
635	672
636	20
636	102
636	177
636	211
636	230
636	249
636	364
636	372
636	471
636	523
636	619
636	631
636	683
636	684
636	695
637	99
637	162
637	185
637	207
637	244
637	287
637	493
637	504
637	594
637	597
637	607
637	625
637	654
637	662
637	667
637	668
637	671
638	20
638	129
638	147
638	211
638	229
638	372
638	413
638	470
638	600
638	636
638	683
638	684
638	689
638	695
638	696
639	11
639	199
639	252
639	278
639	390
639	426
639	444
639	465
639	516
639	539
639	543
639	575
639	627
639	661
639	666
640	121
640	210
640	241
640	243
640	294
640	351
640	384
640	409
640	426
640	445
640	494
640	605
640	608
640	666
641	196
641	244
641	287
641	466
641	504
641	594
641	607
641	615
641	637
641	645
641	654
641	662
641	667
641	668
641	671
642	92
642	128
642	300
642	336
642	358
642	557
642	559
642	617
642	620
642	621
642	658
642	665
642	687
642	690
643	90
643	295
643	363
643	387
643	419
643	459
643	506
643	524
643	549
643	565
643	571
643	603
643	646
643	649
643	653
644	66
644	352
644	447
644	453
644	482
644	489
644	529
644	605
644	663
644	670
644	673
644	674
644	682
644	686
644	688
644	697
645	45
645	120
645	391
645	405
645	435
645	466
645	493
645	502
645	504
645	607
645	615
645	625
645	662
645	667
645	668
645	671
646	149
646	289
646	295
646	387
646	430
646	431
646	459
646	479
646	506
646	509
646	565
646	603
646	643
646	649
646	653
647	1
647	9
647	234
647	322
647	468
647	477
647	514
647	528
647	535
647	545
647	564
647	595
647	616
647	628
648	82
648	158
648	166
648	246
648	357
648	498
648	591
648	612
648	624
648	655
648	677
648	681
648	685
648	699
648	700
649	155
649	307
649	329
649	363
649	375
649	430
649	479
649	506
649	549
649	565
649	571
649	603
649	630
649	643
649	646
650	42
650	74
650	78
650	136
650	290
650	469
650	604
650	612
650	648
650	677
650	681
650	685
650	692
650	699
650	700
651	248
651	256
651	360
651	374
651	448
651	473
651	489
651	525
651	576
651	596
651	644
651	660
651	663
651	670
651	682
651	686
651	688
651	697
652	174
652	285
652	299
652	308
652	323
652	330
652	348
652	510
652	568
652	609
652	626
652	656
652	659
652	672
653	68
653	307
653	318
653	320
653	363
653	419
653	430
653	474
653	509
653	549
653	565
653	571
653	630
653	646
653	649
654	45
654	126
654	207
654	222
654	462
654	466
654	597
654	607
654	615
654	637
654	641
654	645
654	667
654	668
654	671
655	52
655	136
655	169
655	246
655	326
655	408
655	469
655	624
655	648
655	650
655	681
655	685
655	692
655	699
655	700
656	114
656	285
656	308
656	340
656	348
656	370
656	510
656	568
656	584
656	601
656	626
656	652
656	659
656	672
657	57
657	157
657	216
657	277
657	305
657	421
657	480
657	551
657	669
657	676
657	678
657	679
657	680
657	691
657	693
657	694
657	698
658	48
658	128
658	250
658	264
658	274
658	276
658	298
658	559
658	620
658	621
658	642
658	664
658	665
658	687
658	690
659	32
659	114
659	165
659	202
659	242
659	259
659	323
659	376
659	383
659	475
659	510
659	583
659	601
659	609
659	656
660	33
660	212
660	247
660	288
660	316
660	352
660	374
660	389
660	453
660	570
660	596
660	663
660	670
660	673
660	682
660	686
660	688
660	697
661	199
661	252
661	278
661	301
661	373
661	388
661	390
661	410
661	508
661	543
661	588
661	614
661	627
661	666
662	99
662	106
662	218
662	312
662	391
662	462
662	594
662	607
662	615
662	625
662	641
662	645
662	654
662	667
662	668
662	671
663	212
663	288
663	448
663	453
663	485
663	489
663	525
663	576
663	605
663	651
663	660
663	670
663	673
663	674
663	682
663	686
663	688
663	697
664	89
664	141
664	172
664	250
664	268
664	293
664	300
664	381
664	565
664	617
664	658
664	665
664	687
664	690
664	694
665	141
665	227
665	250
665	253
665	298
665	424
665	501
665	547
665	559
665	617
665	621
665	638
665	658
665	664
665	687
666	124
666	187
666	373
666	380
666	390
666	410
666	414
666	465
666	508
666	531
666	575
666	588
666	627
666	639
666	661
667	126
667	196
667	312
667	391
667	435
667	462
667	466
667	493
667	502
667	504
667	594
667	607
667	637
667	645
667	662
667	668
667	671
668	99
668	120
668	196
668	207
668	222
668	405
668	435
668	466
668	607
668	615
668	625
668	641
668	645
668	654
668	662
668	667
668	671
669	46
669	226
669	444
669	512
669	562
669	657
669	675
669	676
669	678
669	679
669	680
669	691
669	693
669	694
669	698
670	60
670	113
670	447
670	473
670	482
670	485
670	538
670	605
670	651
670	663
670	673
670	674
670	682
670	688
670	697
671	185
671	405
671	435
671	462
671	502
671	504
671	597
671	625
671	637
671	641
671	645
671	654
671	662
671	667
671	668
672	32
672	94
672	109
672	215
672	269
672	308
672	340
672	461
672	510
672	583
672	601
672	635
672	652
672	656
672	659
673	33
673	104
673	113
673	256
673	374
673	420
673	448
673	473
673	482
673	489
673	529
673	538
673	596
673	644
673	660
673	663
673	670
673	674
674	190
674	212
674	352
674	420
674	447
674	448
674	529
674	538
674	576
674	644
674	651
674	660
674	670
674	673
674	682
674	686
674	688
674	697
675	216
675	266
675	325
675	403
675	512
675	522
675	548
675	632
675	657
675	676
675	678
675	679
675	680
675	691
675	694
675	698
676	137
676	182
676	277
676	305
676	403
676	428
676	444
676	480
676	632
676	675
676	678
676	679
676	680
676	691
676	693
676	694
676	698
677	54
677	166
677	171
677	357
677	404
677	498
677	532
677	591
677	604
677	612
677	650
677	655
677	692
677	699
677	700
678	26
678	137
678	216
678	277
678	371
678	527
678	657
678	669
678	676
678	679
678	680
678	691
678	693
678	694
678	698
679	69
679	157
679	325
679	428
679	444
679	480
679	522
679	527
679	548
679	669
679	676
679	678
679	680
679	691
679	693
679	694
679	698
680	57
680	182
680	226
680	266
680	371
680	403
680	421
680	548
680	555
680	632
680	657
680	669
680	675
680	676
680	678
680	691
680	694
680	698
681	52
681	54
681	115
681	332
681	469
681	498
681	532
681	591
681	612
681	650
681	677
681	685
681	692
681	699
681	700
682	190
682	212
682	247
682	360
682	448
682	473
682	482
682	525
682	538
682	570
682	576
682	596
682	651
682	663
682	674
682	686
682	688
683	96
683	177
683	230
683	249
683	267
683	364
683	490
683	600
683	619
683	629
683	638
683	684
683	689
683	695
683	696
684	63
684	260
684	302
684	364
684	413
684	470
684	471
684	523
684	598
684	631
684	636
684	683
684	689
684	695
684	696
685	74
685	82
685	158
685	169
685	275
685	469
685	532
685	604
685	648
685	650
685	677
685	681
685	692
685	699
685	700
686	104
686	248
686	256
686	420
686	447
686	454
686	525
686	529
686	576
686	596
686	651
686	663
686	673
686	674
686	682
686	688
686	697
687	183
687	209
687	253
687	268
687	274
687	293
687	298
687	441
687	620
687	621
687	642
687	658
687	664
687	690
688	101
688	113
688	190
688	420
688	489
688	570
688	576
688	596
688	605
688	644
688	651
688	660
688	670
688	673
688	682
688	686
688	697
689	177
689	258
689	260
689	413
689	507
689	511
689	598
689	610
689	619
689	629
689	631
689	636
689	683
689	695
689	696
690	268
690	274
690	358
690	381
690	424
690	432
690	441
690	501
690	620
690	642
690	658
690	665
690	687
691	40
691	57
691	179
691	305
691	325
691	551
691	555
691	562
691	632
691	657
691	669
691	675
691	676
691	678
691	680
691	693
691	698
692	275
692	332
692	404
692	408
692	412
692	469
692	591
692	604
692	612
692	648
692	650
692	681
692	685
692	699
692	700
693	40
693	305
693	315
693	428
693	480
693	527
693	548
693	562
693	657
693	669
693	675
693	678
693	680
693	691
693	694
694	46
694	132
694	137
694	266
694	277
694	444
694	483
694	512
694	527
694	548
694	669
694	675
694	676
694	679
694	691
694	698
695	81
695	201
695	229
695	251
695	490
695	511
695	523
695	598
695	600
695	610
695	683
695	684
695	689
695	696
696	96
696	159
696	219
696	258
696	260
696	302
696	471
696	523
696	598
696	610
696	619
696	631
696	683
696	684
696	695
697	66
697	203
697	212
697	248
697	256
697	360
697	374
697	453
697	454
697	482
697	529
697	538
697	596
697	651
697	660
697	674
697	682
698	12
698	44
698	69
698	182
698	305
698	371
698	444
698	480
698	483
698	512
698	522
698	551
698	562
698	669
698	675
698	676
698	679
698	680
698	693
699	54
699	71
699	154
699	171
699	404
699	412
699	532
699	612
699	624
699	650
699	677
699	681
699	685
699	692
699	700
700	52
700	115
700	237
700	246
700	290
700	532
700	604
700	612
700	624
700	648
700	655
700	677
700	685
700	692
700	699
